Epoch	AverageEpRet	StdEpRet	MaxEpRet	MinEpRet	EpLen	AverageVVals	StdVVals	MaxVVals	MinVVals	TotalEnvInteracts	LossPi	LossV	DeltaLossPi	DeltaLossV	Entropy	KL	ClipFrac	StopIter	Time
0	-8.144603	4.2886515	-1.0	-25.0	8.144603	0.12024855	0.09080651	0.45178485	-0.23713143	4000	-1.0251999e-07	43.70117	-0.023087703	-31.342049	nan	0.015103935	0.219	7.0	16.758613109588623
1	-7.748062	4.01481	-1.0	-22.0	7.748062	-5.270421	0.43966943	-0.099208966	-5.559402	8000	-1.9073486e-08	30.832386	-0.022617143	-22.285477	nan	0.015884357	0.20825	10.0	34.72838497161865
2	-7.250454	3.6931872	-1.0	-25.0	7.250454	-9.362789	1.361244	-0.12047455	-10.136465	12000	-9.298325e-09	16.836273	-0.0713742	-11.998607	nan	0.013758821	0.32375	79.0	54.03230309486389
3	-7.026362	3.3339612	-1.0	-20.0	7.026362	-11.759224	2.2534547	-1.2313428	-13.82168	16000	-2.1219254e-08	8.042742	-0.048278637	-4.891706	nan	0.015620199	0.26625	17.0	72.82159614562988
4	-6.60066	3.0672762	-1.0	-18.0	6.60066	-13.172665	2.5225267	-0.5817624	-15.987969	20000	-1.680851e-08	5.4469204	-0.040401947	-3.0241938	nan	0.017229568	0.222	10.0	94.00725030899048
5	-6.5032573	3.0483332	-1.0	-17.0	6.5032573	-14.03177	2.76029	-0.21267775	-17.42379	24000	2.8371812e-08	4.599931	-0.035038695	-2.2236292	nan	0.016003372	0.26175	8.0	113.47064900398254
6	-6.0946565	2.8143938	-1.0	-20.0	6.0946565	-14.748492	2.7507405	-3.3932807	-18.380917	28000	2.2768974e-08	4.1120687	-0.04078169	-1.8486876	nan	0.015842425	0.283	8.0	135.0433373451233
7	-5.979073	2.8499358	-1.0	-16.0	5.979073	-15.419538	2.723206	1.230529	-19.139841	32000	8.34465e-09	4.2912765	-0.038781397	-1.9841697	nan	0.015460979	0.199	12.0	156.86974096298218
8	-5.931751	2.642626	-1.0	-19.0	5.931751	-16.084637	2.8490646	0.41262788	-19.849714	36000	-1.6450882e-08	4.1056676	-0.033222795	-1.7390349	nan	0.015329241	0.1505	16.0	179.17136096954346
9	-5.6323943	2.484049	-1.0	-15.0	5.6323943	-16.460747	2.8867092	0.5814521	-20.416857	40000	-1.7166137e-08	2.9798028	-0.042575426	-1.4537071	nan	0.015003388	0.1625	69.0	204.20335817337036
10	-5.641749	2.4624126	-1.0	-14.0	5.641749	-17.08988	2.7491941	1.7235591	-20.868885	44000	3.2484532e-08	3.093724	-0.038687073	-1.7781463	nan	0.012253689	0.14375	79.0	227.01322221755981
11	-5.456284	2.2328892	-1.0	-13.0	5.456284	-18.008125	2.6881902	-1.3233067	-21.575356	48000	1.525879e-08	2.3719766	-0.030998081	-1.3748717	nan	0.01501853	0.11975	40.0	249.58949398994446
12	-5.586592	2.2743502	-1.0	-17.0	5.586592	-18.532059	3.0264182	2.9558628	-22.387457	52000	1.26361845e-08	3.741622	-0.0311779	-2.0840955	nan	0.015013915	0.09575	45.0	271.7206242084503
13	-5.3867927	2.1848505	-1.0	-14.0	5.3867927	-19.269512	3.0130072	-0.6604724	-23.256918	56000	3.3974647e-08	2.7881582	-0.03185774	-1.5174814	nan	0.015126552	0.1145	55.0	294.7326729297638
14	-5.5220995	2.3026068	-1.0	-15.0	5.5220995	-19.903545	3.145267	0.53555256	-24.05999	60000	2.3841857e-09	3.7327178	-0.034077123	-1.8672767	nan	0.013973847	0.1265	79.0	317.65420794487
15	-5.66383	2.307351	-1.0	-15.0	5.66383	-20.433128	3.5435064	0.39080355	-25.071482	64000	1.9073486e-08	4.111482	-0.031170212	-2.1808	nan	0.015084037	0.125	38.0	341.26791501045227
16	-5.6990013	2.4318056	-1.0	-15.0	5.6990013	-20.688688	3.907352	1.5698338	-26.076513	68000	-1.5735626e-08	4.9978876	-0.034857698	-2.644152	nan	0.01394589	0.117	79.0	364.7847669124603
17	-5.7047076	2.3550336	-1.0	-12.0	5.7047076	-21.222618	4.1837416	-1.1666389	-27.031544	72000	1.9073487e-09	4.0107512	-0.027514989	-2.0805483	nan	0.015020851	0.0875	42.0	387.49341320991516
18	-5.79971	2.414987	-1.0	-16.0	5.79971	-21.818653	4.4338202	-1.8055205	-27.92092	76000	4.2915342e-09	5.207125	-0.024939118	-2.9583402	nan	0.0109836655	0.083	79.0	410.5257730484009
19	-5.72103	2.1775947	-1.0	-15.0	5.72103	-22.899395	4.254274	-4.5141187	-28.866749	80000	-1.7181039e-08	3.7161927	-0.024343269	-2.0513425	nan	0.014055752	0.09875	79.0	433.81412720680237
20	-5.583799	2.289145	-1.0	-15.0	5.583799	-23.81256	4.230796	-5.662982	-29.582375	84000	-9.059906e-09	3.2857182	-0.026132165	-1.7402388	nan	0.009126807	0.07825	79.0	457.52592301368713
21	-5.714286	2.3919082	-1.0	-14.0	5.714286	-23.892067	4.6586566	-6.12455	-30.376831	88000	-3.8146972e-08	2.7100203	-0.018501958	-1.6022322	nan	0.015101422	0.07175	42.0	481.120148897171
22	-5.8908553	2.403268	-1.0	-15.0	5.8908553	-24.22824	4.7797914	-7.138398	-30.781517	92000	-1.3828277e-08	2.6583939	-0.019452922	-1.7034528	nan	0.014004322	0.06975	79.0	504.69993901252747
23	-5.827988	2.4918828	-1.0	-14.0	5.827988	-25.03245	4.7210917	-7.565246	-31.47506	96000	1.1920929e-09	3.0920522	-0.024162687	-1.9233073	nan	0.010793527	0.081	79.0	527.0460081100464
24	-5.9775786	2.6893647	-1.0	-16.0	5.9775786	-25.914066	4.7077146	7.1871667	-32.194565	100000	-1.3113022e-08	6.2699795	-0.029591126	-4.4412384	nan	0.01510667	0.09325	44.0	549.4845643043518
25	-6.089939	2.5666997	-1.0	-15.0	6.089939	-26.68941	4.800244	1.3334574	-33.479313	104000	-3.1232833e-08	4.619336	-0.02762301	-2.3584316	nan	0.013636154	0.09925	79.0	571.8179681301117
26	-5.901034	2.3649237	-1.0	-19.0	5.901034	-28.154146	4.481153	-4.2834754	-34.356747	108000	-4.9352646e-08	3.420405	-0.026308645	-2.2784905	nan	0.01511103	0.10875	50.0	594.0403120517731
27	-5.875	2.5147727	-1.0	-20.0	5.875	-28.533504	4.8964705	12.610138	-35.00891	112000	-8.3446505e-10	9.103795	-0.014627316	-6.164737	nan	0.01558119	0.06025	9.0	615.9456722736359
28	-5.9538	2.5430918	-1.0	-19.0	5.9538	-28.468866	5.0325212	7.72105	-35.37238	116000	2.3841857e-09	5.9721994	-0.025849039	-4.371383	nan	0.014792787	0.0825	79.0	638.5425431728363
29	-6.179289	2.5807521	-1.0	-20.0	6.179289	-29.075792	5.0687766	11.441209	-35.56998	120000	-1.692772e-08	7.4949	-0.02526869	-5.5430636	nan	0.0132316975	0.082	79.0	661.1723620891571
30	-6.22084	2.7488554	-1.0	-19.0	6.22084	-29.31688	5.602934	15.302587	-36.360134	124000	1.6450882e-08	7.05546	-0.020799013	-4.5065813	nan	0.01563129	0.08575	19.0	681.6352832317352
31	-6.086758	2.8062918	-1.0	-18.0	6.086758	-29.84097	5.5723677	2.301406	-36.79683	128000	1.7166137e-08	7.077851	-0.016677553	-4.3527727	nan	0.01547096	0.06575	10.0	702.7812023162842
32	-6.9513044	3.2545986	-1.0	-19.0	6.9513044	-29.02875	7.045508	4.0384026	-37.629383	132000	-1.4781952e-08	19.169024	-0.021224003	-12.51766	nan	0.015345815	0.09425	14.0	721.3804531097412
33	-6.966899	3.5711706	-1.0	-20.0	6.966899	-29.291035	7.099956	3.2392886	-38.27028	136000	1.9073487e-09	19.909346	-0.02596079	-13.6296	nan	0.015567595	0.09275	18.0	740.3577170372009
34	-7.1410713	3.524368	-1.0	-21.0	7.1410713	-30.089113	7.494939	11.402056	-39.150845	140000	3.3378602e-09	24.13935	-0.022655578	-16.15976	nan	0.015225824	0.09025	17.0	759.1167101860046
35	-6.973822	3.5385208	-1.0	-18.0	6.973822	-30.516743	7.282498	-2.8888993	-40.069	144000	-6.198883e-09	14.423289	-0.029365787	-10.538138	nan	0.015031528	0.09975	49.0	778.7867603302002
36	-6.8259387	3.5324545	-1.0	-19.0	6.8259387	-30.658766	7.364316	-4.852885	-40.644623	148000	2.6702882e-08	12.056179	-0.028137628	-7.544284	nan	0.015090633	0.096	64.0	799.4154779911041
37	-6.9409723	3.334373	-1.0	-15.0	6.9409723	-31.448963	7.339641	-4.1488523	-41.405445	152000	-5.2452087e-09	11.551257	-0.025905516	-7.944454	nan	0.015074691	0.0945	63.0	818.950441122055
38	-6.9599304	3.4706528	-1.0	-17.0	6.9599304	-31.751038	7.1031313	-5.5800548	-41.726425	156000	1.9788741e-08	14.81537	-0.028278688	-8.857645	nan	0.01159166	0.08725	79.0	839.0076112747192
39	-6.954704	3.6508844	-1.0	-20.0	6.954704	-32.807266	7.067941	4.8438234	-42.560196	160000	-1.2397766e-08	16.441612	-0.03132948	-10.44467	nan	0.014225765	0.11425	79.0	859.2280111312866
40	-6.9513044	3.542693	-1.0	-17.0	6.9513044	-32.51648	7.736429	4.084494	-42.99758	164000	-4.768372e-10	15.685108	-0.02628151	-10.458643	nan	0.0150001	0.09975	70.0	879.6357922554016
41	-7.076106	3.476782	-1.0	-19.0	7.076106	-32.872437	7.8255553	9.156828	-43.41129	168000	1.0490417e-08	11.530495	-0.024059787	-7.0428586	nan	0.015057964	0.101	52.0	899.277055978775
42	-6.9877625	3.5243695	-1.0	-18.0	6.9877625	-33.820755	7.794941	-0.19282663	-44.03223	172000	-1.3351441e-08	14.960415	-0.018816946	-9.88734	nan	0.015562072	0.078	12.0	917.5863883495331
43	-7.1870503	3.5285442	-1.0	-18.0	7.1870503	-34.153107	8.010058	27.959354	-44.485195	176000	4.7683715e-09	21.008074	-0.025059171	-15.384972	nan	0.01518231	0.10675	35.0	936.8474180698395
44	-7.022887	3.658557	-1.0	-18.0	7.022887	-34.17671	8.281289	13.720037	-45.078228	180000	1.1086464e-08	18.145681	-0.024572454	-11.897637	nan	0.015406759	0.12875	28.0	955.2805743217468
45	-6.844178	3.5133843	-1.0	-18.0	6.844178	-35.135715	8.023794	11.657218	-45.74917	184000	1.0848045e-08	14.433422	-0.014973129	-9.011232	nan	0.015659653	0.0995	7.0	973.7024712562561
46	-6.944348	3.527339	-1.0	-19.0	6.944348	-34.921326	8.548822	12.666871	-46.128834	188000	7.152557e-09	24.197338	-0.027064502	-17.051355	nan	0.016026432	0.13775	18.0	992.7608833312988
47	-6.822222	3.374999	-1.0	-16.0	6.822222	-34.624126	7.777723	11.187707	-46.6715	192000	1.1920929e-08	16.914173	-0.012382511	-10.002241	nan	0.015214918	0.08075	5.0	1012.0683381557465
48	-6.6822743	3.3834221	-1.0	-17.0	6.6822743	-35.15629	7.7544928	9.714274	-46.807613	196000	1.001358e-08	15.6805725	-0.023624917	-9.444763	nan	0.015445282	0.10475	16.0	1031.7430729866028
49	-6.756757	3.4393818	-1.0	-18.0	6.756757	-35.658413	7.6650534	17.339361	-47.258682	200000	-6.6757204e-09	16.548115	-0.01597886	-9.896335	nan	0.015016665	0.08575	8.0	1051.0980501174927
50	-6.752961	3.288171	-1.0	-17.0	6.752961	-36.02551	7.539365	-10.602665	-47.638493	204000	8.8214875e-09	12.617748	-0.0189631	-7.2816505	nan	0.015056259	0.08175	15.0	1070.475084066391
51	-6.777966	3.298668	-1.0	-17.0	6.777966	-36.298225	8.279701	-2.9004047	-48.45477	208000	-7.152557e-09	13.291023	-0.026445344	-8.963013	nan	0.01505735	0.0935	30.0	1090.5922961235046
52	-6.655574	3.3611522	-1.0	-20.0	6.655574	-36.43973	8.440216	-3.6924574	-48.76778	212000	1.5497207e-08	13.783304	-0.024428936	-9.390337	nan	0.015166827	0.09675	21.0	1110.8279542922974
53	-6.3952	3.2153099	-1.0	-20.0	6.3952	-37.91268	7.905817	-7.997802	-49.131603	216000	7.629395e-09	9.670428	-0.016827978	-5.590627	nan	0.015878417	0.0895	11.0	1130.9575731754303
54	-6.514658	3.1928687	-1.0	-18.0	6.514658	-37.775593	7.79477	-13.840253	-49.31736	220000	9.536744e-10	8.799059	-0.022237586	-4.845995	nan	0.015182058	0.1005	24.0	1150.7285869121552
55	-6.497561	3.1415772	-1.0	-18.0	6.497561	-37.937225	7.7149763	-8.740443	-49.7121	224000	-4.053116e-09	8.348953	-0.018481938	-4.504965	nan	0.015996698	0.10625	13.0	1170.8705451488495
56	-6.357711	3.114282	-1.0	-18.0	6.357711	-38.432407	8.003649	15.367044	-50.040985	228000	6.198883e-09	15.138812	-0.017181039	-10.390105	nan	0.015234687	0.1025	12.0	1191.037610054016
57	-6.3968	3.0998306	-1.0	-18.0	6.3968	-38.652946	8.692336	1.7758424	-50.645653	232000	1.45435335e-08	20.043764	-0.023178866	-13.23734	nan	0.015037155	0.1005	28.0	1214.7329840660095
58	-6.607616	2.9911582	-1.0	-15.0	6.607616	-38.956295	8.202999	2.9581041	-50.968697	236000	-3.3378602e-09	15.414838	-0.028116932	-8.466137	nan	0.013490045	0.10425	79.0	1236.2419912815094
59	-6.52451	3.049331	-1.0	-15.0	6.52451	-39.35899	8.78774	5.1928635	-51.263634	240000	7.390976e-09	14.436357	-0.026255745	-9.511484	nan	0.011991783	0.10625	79.0	1258.0346910953522
60	-6.457189	3.0141335	-1.0	-18.0	6.457189	-39.760326	8.777274	0.08523458	-51.53232	244000	1.4305115e-09	13.075708	-0.024457907	-7.8030725	nan	0.015123013	0.09	43.0	1280.2816061973572
61	-6.3492064	2.992895	-1.0	-16.0	6.3492064	-40.887814	8.389367	1.9206254	-52.083767	248000	2.2888184e-08	14.5848	-0.01710548	-9.25354	nan	0.015129353	0.1025	12.0	1300.0106461048126
