Epoch	AverageEpRet	StdEpRet	MaxEpRet	MinEpRet	EpLen	AverageVVals	StdVVals	MaxVVals	MinVVals	TotalEnvInteracts	LossPi	LossV	DeltaLossPi	DeltaLossV	Entropy	KL	ClipFrac	StopIter	Time
0	-7.556818	4.0024366	-1.0	-20.0	7.556818	0.39169103	0.06883475	0.6199736	0.043136314	4000	-8.106232e-08	38.443867	-0.02302669	-28.35772	nan	0.015055992	0.1375	31.0	15.966727018356323
1	-7.4953094	3.9706328	-1.0	-21.0	7.4953094	-4.486435	0.51702297	-1.785259	-5.189719	8000	2.8300286e-07	28.999405	-0.023183975	-21.103739	nan	0.015110801	0.19775	31.0	31.023303031921387
2	-7.121212	3.5933585	-1.0	-19.0	7.121212	-8.402467	1.379229	-0.5120131	-9.3869505	12000	1.0538101e-07	18.756207	-0.03568665	-13.605051	nan	0.010070592	0.18425	79.0	48.11134195327759
3	-6.884483	3.4713755	-1.0	-18.0	6.884483	-11.446989	2.0980024	-1.4320483	-13.306148	16000	-2.2411346e-08	11.816135	-0.018171139	-7.296413	nan	0.016358247	0.15075	11.0	64.26176500320435
4	-6.3175354	3.1137404	-1.0	-17.0	6.3175354	-13.541144	2.5349808	-2.9506197	-16.066923	20000	7.557869e-08	7.1218677	-0.040975224	-3.9122932	nan	0.013970705	0.21725	79.0	80.90346097946167
5	-6.22084	2.7970881	-1.0	-16.0	6.22084	-15.104373	2.5983417	1.4201787	-17.815971	24000	-3.7789345e-08	5.580934	-0.041672155	-3.1528645	nan	0.0149233565	0.19575	79.0	97.67258787155151
6	-6.1826625	2.81923	-1.0	-15.0	6.1826625	-16.505772	2.4392703	-3.4690793	-19.314932	28000	4.696846e-08	5.615713	-0.04184642	-3.4952633	nan	0.014802816	0.21	79.0	114.62737083435059
7	-5.785507	2.6447253	-1.0	-16.0	5.785507	-18.120405	2.5444932	-5.5633774	-21.198675	32000	3.2663344e-08	4.68003	-0.025743335	-2.9288592	nan	0.015391073	0.1375	21.0	132.06180596351624
8	-5.54785	2.622478	-1.0	-14.0	5.54785	-19.591223	2.582875	-7.5659385	-22.913488	36000	-1.5974045e-08	3.9006848	-0.04073021	-2.2334456	nan	0.015071863	0.1945	73.0	151.33038187026978
9	-5.291005	2.4516432	-1.0	-17.0	5.291005	-20.659437	2.7244627	-10.052324	-24.396631	40000	5.4597855e-08	3.4675715	-0.03811631	-2.115971	nan	0.0151096815	0.1815	56.0	172.1525239944458
10	-5.270092	2.3240824	-1.0	-15.0	5.270092	-22.057234	2.541117	-11.443686	-25.604986	44000	-2.2172928e-08	3.2353833	-0.029026415	-2.0722055	nan	0.015071914	0.1485	34.0	193.3379099369049
11	-5.0530972	2.2998295	-1.0	-13.0	5.0530972	-23.225355	2.5545557	-12.864152	-26.925455	48000	-6.341934e-08	2.6432197	-0.026535343	-1.7100723	nan	0.015152372	0.14875	27.0	214.43075609207153
12	-5.1034484	2.189205	-1.0	-13.0	5.1034484	-24.208899	2.671456	-13.026076	-28.129578	52000	-8.21352e-08	2.5197008	-0.0225422	-1.6091356	nan	0.015072881	0.09175	21.0	235.81191492080688
13	-5.1150894	2.130536	-1.0	-12.0	5.1150894	-25.414904	2.5628562	-14.2552185	-29.24948	56000	7.43866e-08	2.7271543	-0.024444357	-1.8484397	nan	0.015444376	0.131	21.0	257.77301502227783
14	-4.783493	2.0378628	-1.0	-12.0	4.783493	-26.73565	2.7057395	-16.683048	-30.495613	60000	1.4305114e-08	2.2752542	-0.03281044	-1.4852767	nan	0.015146078	0.14525	49.0	278.640939950943
15	-4.6901407	1.9906464	-1.0	-13.0	4.6901407	-27.77782	2.6610482	-18.01066	-31.774714	64000	-8.606911e-08	2.0495982	-0.032568946	-1.3854094	nan	0.015025811	0.14	74.0	299.5288019180298
16	-4.538025	1.833283	-1.0	-11.0	4.538025	-28.930965	2.8035607	-18.205349	-33.022892	68000	-6.8306925e-08	1.6021385	-0.03170219	-1.0889652	nan	0.015002264	0.11275	73.0	321.3025188446045
17	-4.5472126	1.9245706	-1.0	-13.0	4.5472126	-29.821394	2.81177	-19.438784	-34.176384	72000	-7.522106e-08	1.8631114	-0.027840488	-1.2241664	nan	0.01504758	0.11575	59.0	342.6353120803833
18	-4.6457605	1.8450288	-1.0	-13.0	4.6457605	-30.677597	2.9283972	-19.612118	-35.297527	76000	-7.104874e-08	1.540111	-0.031157147	-1.025797	nan	0.012414694	0.11325	79.0	363.7789659500122
19	-4.5420456	1.6964012	-1.0	-11.0	4.5420456	-31.6775	2.9827259	-22.116596	-36.29992	80000	-1.4781952e-08	1.4914732	-0.028881978	-0.993867	nan	0.013462159	0.0965	79.0	385.1885118484497
20	-4.3934064	1.6939325	-1.0	-11.0	4.3934064	-32.511356	2.9527304	-22.825037	-37.353584	84000	-2.4318695e-08	1.3297728	-0.026870215	-0.83545053	nan	0.013819495	0.09425	79.0	407.55064487457275
21	-4.3329716	1.69239	-1.0	-10.0	4.3329716	-33.44043	2.9992974	-23.600458	-38.263634	88000	2.5272369e-08	1.2772348	-0.025833774	-0.8828205	nan	0.0150291445	0.09625	54.0	429.8782241344452
22	-4.39934	1.7272933	-1.0	-14.0	4.39934	-34.279133	3.0233305	-24.658463	-39.318108	92000	5.5789947e-08	1.2533468	-0.027470427	-0.8406176	nan	0.015070836	0.09925	58.0	451.96219301223755
23	-4.347826	1.6741954	-1.0	-12.0	4.347826	-35.021046	3.1102083	-25.418976	-40.269135	96000	-3.0994414e-08	1.2390181	-0.028794743	-0.7968036	nan	0.012731012	0.09375	79.0	474.84881806373596
24	-4.5409093	1.6301588	-1.0	-11.0	4.5409093	-35.824024	3.1985548	-25.782278	-41.23301	100000	3.6239623e-08	1.1942075	-0.022108687	-0.79834646	nan	0.01512694	0.095	30.0	496.3095290660858
25	-4.4609375	1.6891965	-1.0	-13.0	4.4609375	-36.74185	3.2681358	-27.405588	-42.18644	104000	-5.722046e-09	1.1339109	-0.028210891	-0.7303566	nan	0.015038353	0.094	58.0	518.9650621414185
26	-4.3060346	1.6831717	-1.0	-10.0	4.3060346	-37.26528	3.278777	-28.105995	-43.133907	108000	4.887581e-08	1.1699601	-0.025207626	-0.7447636	nan	0.015113876	0.08975	52.0	540.9367220401764
27	-4.3789706	1.7046025	-1.0	-11.0	4.3789706	-38.205265	3.3460891	-27.982382	-44.09128	112000	6.2942505e-08	1.0344884	-0.02708891	-0.6977585	nan	0.01503254	0.093	62.0	562.6697409152985
28	-4.3635373	1.6879816	-1.0	-10.0	4.3635373	-38.901367	3.3565633	-28.799543	-44.896484	116000	4.2676927e-08	1.0351775	-0.016775496	-0.6993242	nan	0.015543551	0.085	19.0	584.2606790065765
29	-4.4681563	1.641243	-1.0	-10.0	4.4681563	-39.564953	3.374702	-30.84625	-45.724426	120000	9.10759e-08	0.94957215	-0.028248405	-0.6290333	nan	0.015062219	0.10075	70.0	605.9299528598785
30	-4.558723	1.7172496	-1.0	-12.0	4.558723	-40.371746	3.5317218	-30.680056	-46.51915	124000	-1.5735626e-08	1.140282	-0.025925416	-0.7419685	nan	0.015055745	0.097	60.0	627.1924619674683
31	-4.3562093	1.6563469	-1.0	-13.0	4.3562093	-41.106842	3.5060368	-31.59123	-47.515774	128000	-1.4305114e-08	0.98276865	-0.019584915	-0.63514024	nan	0.015223294	0.082	35.0	648.7912118434906
32	-4.4052863	1.7291408	-1.0	-12.0	4.4052863	-41.763134	3.567206	-28.906157	-48.355236	132000	7.4863436e-08	0.9650366	-0.027051434	-0.63290024	nan	0.015057731	0.0905	63.0	670.4185898303986
33	-4.4444447	1.7256955	-1.0	-11.0	4.4444447	-42.441998	3.583831	-31.794725	-49.25666	136000	3.2663344e-08	0.8890727	-0.026926365	-0.58404744	nan	0.0150894625	0.0865	60.0	691.9269080162048
34	-4.4154696	1.7481745	-1.0	-10.0	4.4154696	-43.21079	3.5993025	-34.388386	-50.02548	140000	6.484986e-08	0.93790835	-0.028399074	-0.6138805	nan	0.015037861	0.08775	75.0	713.6049749851227
35	-4.5483503	1.6734884	-1.0	-11.0	4.5483503	-43.73642	3.7049592	-35.4426	-50.78657	144000	3.4332274e-08	0.7816154	-0.026614053	-0.5192038	nan	0.015057737	0.091	71.0	734.8028919696808
36	-4.509583	1.7542568	-1.0	-14.0	4.509583	-44.598804	3.8106084	-34.373043	-51.475708	148000	7.152557e-09	0.93042755	-0.029450258	-0.6322291	nan	0.015022849	0.10875	68.0	756.1466279029846
37	-4.41768	1.7234545	-1.0	-11.0	4.41768	-45.05318	3.7539713	-36.03141	-52.582333	152000	-7.5817105e-08	0.84752595	-0.007771806	-0.567624	nan	0.015103028	0.086	6.0	777.0422928333282
38	-4.424779	1.6831034	-1.0	-13.0	4.424779	-45.841843	3.7629323	-35.926468	-53.361206	156000	1.7642975e-08	0.67043626	-0.026343694	-0.46039432	nan	0.014316431	0.08375	79.0	798.8609991073608
39	-4.4052863	1.7342287	-1.0	-10.0	4.4052863	-46.588177	3.8275692	-36.308033	-54.09128	160000	-1.4841556e-08	0.7841517	-0.026632614	-0.5360099	nan	0.014445112	0.0925	79.0	821.1100828647614
40	-4.5288787	1.6839842	-1.0	-11.0	4.5288787	-46.999847	3.798433	-38.415512	-54.9881	164000	-4.148483e-08	0.73366773	-0.025475077	-0.4869174	nan	0.015222021	0.08825	65.0	842.2872889041901
41	-4.502252	1.6391864	-1.0	-10.0	4.502252	-47.773975	3.9422102	-38.245823	-55.682735	168000	9.846687e-08	0.80312395	-0.021175731	-0.5300685	nan	0.015058529	0.0775	37.0	863.3048229217529
42	-4.3572984	1.6438988	-1.0	-12.0	4.3572984	-48.382744	3.8870914	-39.216076	-56.459827	172000	-2.336502e-08	0.5684799	-0.024693258	-0.38169044	nan	0.015036239	0.08825	54.0	885.086847782135
43	-4.3106794	1.6377835	-1.0	-9.0	4.3106794	-48.91937	3.890735	-39.58923	-57.15333	176000	-8.392334e-08	0.6930341	-0.02590856	-0.4813404	nan	0.0133563345	0.0905	79.0	907.3398640155792
44	-4.385291	1.6498555	-1.0	-11.0	4.385291	-49.572468	3.9436474	-40.18397	-57.947327	180000	1.9073487e-07	0.7119526	-0.016897315	-0.4762598	nan	0.015152239	0.05775	21.0	928.7512271404266
45	-4.321081	1.6543599	-1.0	-10.0	4.321081	-50.21975	3.8314884	-41.68184	-58.726723	184000	-6.1273575e-08	0.5580617	-0.022518603	-0.3816461	nan	0.015179715	0.08825	36.0	950.2658090591431
46	-4.484305	1.622702	-1.0	-10.0	4.484305	-50.697056	3.9228725	-42.531162	-59.275703	188000	-2.6702882e-08	0.5552376	-0.025429253	-0.38952255	nan	0.012811225	0.0835	79.0	971.8409488201141
47	-4.3986783	1.6175246	-1.0	-11.0	4.3986783	-51.41551	4.022273	-41.948093	-59.835175	192000	5.722046e-09	0.5379756	-0.02392347	-0.36875546	nan	0.010075357	0.07625	79.0	993.7319090366364
48	-4.3010755	1.6156821	-1.0	-11.0	4.3010755	-51.761227	3.9207199	-42.390697	-60.551575	196000	7.43866e-08	0.5331156	-0.024047744	-0.3619691	nan	0.0150161395	0.086	62.0	1015.8071689605713
49	-4.3383946	1.616221	-1.0	-10.0	4.3383946	-52.411674	3.9334052	-43.019444	-61.157085	200000	1.11579894e-07	0.49511838	-0.016451117	-0.33689135	nan	0.015281515	0.077	20.0	1037.0945210456848
50	-4.3257575	1.6918914	-1.0	-10.0	4.3257575	-53.091404	3.975277	-42.552998	-61.691402	204000	-1.1658668e-07	0.5229266	-0.019600434	-0.36343163	nan	0.015723623	0.0865	22.0	1058.7573721408844
51	-4.442222	1.6786224	-1.0	-12.0	4.442222	-53.54595	3.9130156	-45.08638	-62.423794	208000	-8.511543e-08	0.5104872	-0.019997554	-0.35042337	nan	0.0152793825	0.07275	28.0	1079.8638880252838
52	-4.426357	1.6467872	-1.0	-11.0	4.426357	-54.053032	3.9984832	-44.888706	-62.980145	212000	-1.1992455e-07	0.53690785	-0.019430017	-0.37757158	nan	0.0151387025	0.07475	35.0	1101.0717568397522
53	-4.263326	1.6022233	-1.0	-12.0	4.263326	-54.666832	4.0183077	-45.525093	-63.606934	216000	6.198883e-09	0.4922526	-0.016076513	-0.33952808	nan	0.015344202	0.0715	20.0	1123.2424297332764
54	-4.2735043	1.6434221	-1.0	-11.0	4.2735043	-55.04158	4.008305	-45.883266	-64.36595	220000	-6.6280364e-08	0.46735284	-0.019495955	-0.3197945	nan	0.015090046	0.0805	29.0	1145.0321669578552
55	-4.319264	1.6365737	-1.0	-11.0	4.319264	-55.593815	3.9542494	-45.456165	-64.91595	224000	9.536743e-09	0.43741184	-0.020051943	-0.3053249	nan	0.015169674	0.06675	26.0	1167.3544778823853
56	-4.2689433	1.6203831	-1.0	-11.0	4.2689433	-56.237053	3.9850447	-47.734695	-65.46471	228000	-1.9073487e-09	0.4166836	-0.019146312	-0.27876776	nan	0.015159035	0.086	32.0	1190.2288529872894
57	-4.492135	1.6954814	-1.0	-16.0	4.492135	-56.605164	4.0302014	-47.749893	-65.94379	232000	2.2888184e-08	0.50240546	-0.025727566	-0.34000304	nan	0.013702309	0.07775	79.0	1213.5269379615784
58	-4.3196545	1.5744252	-1.0	-10.0	4.3196545	-57.288498	4.003901	-48.294575	-66.66131	236000	2.8133393e-08	0.43001968	-0.021927046	-0.2937855	nan	0.015084312	0.07125	56.0	1236.2884559631348
59	-4.2542553	1.6012738	-1.0	-10.0	4.2542553	-57.546093	4.0514765	-48.194557	-67.21429	240000	4.2915342e-09	0.4371227	-0.023089837	-0.2937993	nan	0.015025594	0.07875	70.0	1260.2470519542694
60	-4.3010755	1.5854509	-1.0	-9.0	4.3010755	-58.063236	4.005677	-48.818855	-67.73226	244000	4.8160555e-08	0.36832565	-0.021945916	-0.24607053	nan	0.01501598	0.07625	70.0	1282.8365309238434
61	-4.298925	1.6339474	-1.0	-10.0	4.298925	-58.733814	3.943329	-49.185024	-68.30606	248000	4.9591065e-08	0.37592173	-0.021815356	-0.25207272	nan	0.015369094	0.09375	31.0	1305.0582349300385
62	-4.3763676	1.6286983	-1.0	-11.0	4.3763676	-59.013165	3.909453	-50.72427	-68.75378	252000	3.403425e-08	0.4227696	-0.020854412	-0.2942809	nan	0.015051365	0.07525	54.0	1328.137454032898
63	-4.381161	1.5584122	-1.0	-12.0	4.381161	-59.573334	4.001377	-50.331017	-69.141464	256000	-1.9848347e-08	0.40644157	-0.023479823	-0.26799318	nan	0.012551759	0.08075	79.0	1350.2677788734436
64	-4.250797	1.5417712	-1.0	-11.0	4.250797	-59.81671	3.9501407	-50.102295	-69.74446	260000	-3.862381e-08	0.36479056	-0.021781305	-0.23972963	nan	0.015011971	0.08625	51.0	1372.4189848899841
65	-4.2713675	1.6122768	-1.0	-10.0	4.2713675	-60.471107	3.9611535	-50.380287	-70.21206	264000	2.4437904e-08	0.3520381	-0.023233721	-0.2385588	nan	0.015019244	0.0765	73.0	1394.7254309654236
66	-4.293233	1.6297935	-1.0	-13.0	4.293233	-60.852234	3.847294	-51.93441	-70.59037	268000	1.45435335e-08	0.35998672	-0.022490853	-0.24030615	nan	0.015022264	0.08	64.0	1416.9258248806
67	-4.329361	1.568195	-1.0	-9.0	4.329361	-61.304905	3.9262428	-52.581127	-71.0497	272000	1.04904174e-07	0.33744603	-0.016655918	-0.2317506	nan	0.015003401	0.066	21.0	1438.3147838115692
68	-4.389682	1.530037	-1.0	-9.0	4.389682	-61.562195	3.910658	-52.419346	-71.43295	276000	2.2411346e-08	0.34987694	-0.02067697	-0.23855808	nan	0.015009192	0.07825	67.0	1460.02170419693
69	-4.26226	1.5650377	-1.0	-12.0	4.26226	-62.212017	3.8471718	-52.51771	-71.91904	280000	-7.629395e-09	0.337308	-0.018397454	-0.2374427	nan	0.015017919	0.0725	48.0	1486.5826919078827
70	-4.214963	1.5783532	-1.0	-10.0	4.214963	-62.51725	3.927836	-52.838123	-72.48008	284000	-2.0503998e-08	0.32958087	-0.023419013	-0.23126903	nan	0.0150563745	0.07725	69.0	1509.4466559886932
71	-4.32684	1.6616682	-1.0	-12.0	4.32684	-62.894623	3.9092643	-53.218487	-72.950005	288000	4.1246413e-08	0.33123973	-0.01995753	-0.22701487	nan	0.015040077	0.07	47.0	1531.3723759651184
72	-4.2735043	1.5965986	-1.0	-11.0	4.2735043	-63.534492	3.8178039	-54.950176	-73.50583	292000	-3.004074e-08	0.27758253	-0.022526186	-0.1896602	nan	0.013569079	0.083	79.0	1553.8298289775848
73	-4.4225664	1.5841372	-1.0	-13.0	4.4225664	-63.714756	3.8688588	-54.815132	-73.87811	296000	4.4971703e-08	0.32282847	-0.014815642	-0.21511295	nan	0.015433044	0.0585	18.0	1574.963310956955
74	-4.351469	1.5700805	-1.0	-10.0	4.351469	-64.35237	3.9353313	-55.796833	-74.30924	300000	-1.9073486e-08	0.29100567	-0.02344457	-0.19822198	nan	0.013719388	0.085	79.0	1597.0261499881744
75	-4.236229	1.5120704	-1.0	-11.0	4.236229	-64.4335	3.7997203	-55.160828	-74.87964	304000	-4.482269e-08	0.2676609	-0.01761744	-0.18336618	nan	0.015019708	0.0715	43.0	1619.139496088028
76	-4.3106794	1.6125599	-1.0	-11.0	4.3106794	-64.9979	3.8276567	-55.60362	-75.185844	308000	-2.3841857e-09	0.27814433	-0.016735522	-0.18143003	nan	0.015042656	0.0715	44.0	1640.9695987701416
77	-4.286174	1.6127146	-1.0	-10.0	4.286174	-65.4657	3.8342438	-56.867493	-75.61558	312000	-1.11103056e-07	0.25806454	-0.020002408	-0.17560048	nan	0.015050428	0.07575	45.0	1662.9246308803558
78	-4.433481	1.5911022	-1.0	-10.0	4.433481	-65.77125	3.7858663	-57.18667	-76.00505	316000	2.2649765e-08	0.30476055	-0.024059415	-0.20576693	nan	0.015064134	0.079	79.0	1684.6793451309204
79	-4.436182	1.5975773	-1.0	-10.0	4.436182	-66.07853	3.821688	-57.476986	-76.41343	320000	-2.3841858e-08	0.2963123	-0.02029751	-0.19832213	nan	0.015078229	0.07075	64.0	1707.9185719490051
80	-4.280514	1.5605227	-1.0	-11.0	4.280514	-66.48481	3.7905655	-57.35053	-76.83985	324000	5.4836274e-08	0.25760812	-0.018491052	-0.16430593	nan	0.015056396	0.068	53.0	1732.0191309452057
81	-4.263326	1.6128345	-1.0	-11.0	4.263326	-66.8073	3.7845416	-58.147255	-77.14115	328000	2.2411346e-08	0.2748265	-0.018480401	-0.18571103	nan	0.0151851615	0.06575	43.0	1756.8169467449188
82	-4.36205	1.6311443	-1.0	-12.0	4.36205	-67.22999	3.7319236	-59.17895	-77.72801	332000	1.692772e-08	0.24023901	-0.017283715	-0.16256995	nan	0.01526009	0.06225	32.0	1778.823889017105
83	-4.3318872	1.6368991	-1.0	-12.0	4.3318872	-67.75664	3.7478592	-59.542355	-78.153465	336000	7.367134e-08	0.25434473	-0.019737095	-0.16434178	nan	0.015128407	0.0775	29.0	1800.8088858127594
84	-4.517514	1.629869	-1.0	-10.0	4.517514	-67.87883	3.7540762	-59.690887	-78.47745	340000	-4.9114227e-08	0.26703504	-0.021893607	-0.16802546	nan	0.0129792085	0.0785	79.0	1824.5743651390076
85	-4.4117	1.6000262	-1.0	-11.0	4.4117	-68.38765	3.6673756	-58.055313	-78.837036	344000	1.859665e-08	0.2581629	-0.019274388	-0.1694048	nan	0.012215778	0.06925	79.0	1848.6678848266602
86	-4.286174	1.5919788	-1.0	-9.0	4.286174	-68.51972	3.7145264	-59.3422	-79.1807	348000	-8.1539156e-08	0.28484198	-0.021340318	-0.1836912	nan	0.013329475	0.076	79.0	1873.2476320266724
87	-4.3420196	1.6525779	-1.0	-11.0	4.3420196	-69.02889	3.713602	-60.42947	-79.54762	352000	-2.6464463e-08	0.24679263	-0.016766863	-0.15989476	nan	0.01513552	0.072	23.0	1896.9638168811798
88	-4.3383946	1.6755291	-1.0	-10.0	4.3383946	-69.410866	3.5771122	-61.17271	-80.02032	356000	-4.863739e-08	0.23815729	-0.020445118	-0.15023324	nan	0.013823931	0.07175	79.0	1921.7605159282684
89	-4.452116	1.6212815	-1.0	-9.0	4.452116	-69.76341	3.6237342	-61.985462	-80.32902	360000	-1.26361845e-08	0.22966614	-0.019467462	-0.15090321	nan	0.015038086	0.07475	35.0	1945.386610031128
90	-4.4438267	1.6365926	-1.0	-10.0	4.4438267	-70.01527	3.7343588	-62.05119	-80.66293	364000	-3.4809112e-08	0.23480032	-0.019840397	-0.14588827	nan	0.015021753	0.07575	51.0	1969.9653289318085
91	-4.32684	1.5802126	-1.0	-12.0	4.32684	-70.27627	3.6051717	-61.77877	-81.08831	368000	-1.7166137e-08	0.21980205	-0.02006169	-0.14073056	nan	0.015010917	0.077	57.0	1994.570354938507
92	-4.3336945	1.6625445	-1.0	-10.0	4.3336945	-70.680435	3.6532142	-62.33021	-81.17158	372000	4.196167e-08	0.22460192	-0.021695824	-0.13719729	nan	0.011565784	0.08	79.0	2018.9307911396027
93	-4.4052863	1.6314821	-1.0	-10.0	4.4052863	-70.91794	3.5866501	-63.07306	-81.6627	376000	-3.6239623e-08	0.23068562	-0.01810712	-0.1491299	nan	0.015007684	0.074	54.0	2042.7299768924713
94	-4.3315277	1.6544868	-1.0	-10.0	4.3315277	-71.348404	3.549061	-63.795994	-81.9857	380000	-3.552437e-08	0.2156092	-0.021420479	-0.14109457	nan	0.01506037	0.08025	75.0	2066.9407091140747
95	-4.506201	1.6227373	-1.0	-10.0	4.506201	-71.50744	3.6118152	-63.579155	-82.22839	384000	-1.5735626e-08	0.21136038	-0.021062894	-0.13704923	nan	0.015056017	0.07725	52.0	2090.7612709999084
96	-4.383772	1.6221061	-1.0	-11.0	4.383772	-72.048485	3.6085634	-62.098618	-82.680534	388000	8.106232e-09	0.24243765	-0.019791974	-0.15630165	nan	0.013733886	0.069	79.0	2114.900985956192
97	-4.30819	1.6194726	-1.0	-12.0	4.30819	-72.0345	3.5999577	-64.223076	-82.93572	392000	2.9087067e-08	0.24433917	-0.019311234	-0.15298653	nan	0.015025747	0.06525	54.0	2139.0732519626617
98	-4.3329716	1.6600375	-1.0	-10.0	4.3329716	-72.4487	3.529555	-64.32111	-83.23149	396000	4.649162e-08	0.20833224	-0.021688953	-0.13127293	nan	0.015008805	0.08675	66.0	2163.248780965805
99	-4.3471165	1.6859756	-1.0	-10.0	4.3471165	-72.90588	3.4485598	-64.23755	-83.55919	400000	-9.36985e-08	0.24336427	-0.0166113	-0.15860337	nan	0.015071226	0.06725	30.0	2186.896829843521
100	-4.3960395	1.6240172	-1.0	-11.0	4.3960395	-73.1531	3.4002354	-62.99323	-83.72156	404000	6.043911e-08	0.26470736	-0.018985294	-0.15585877	nan	0.014210724	0.08375	79.0	2211.0895779132843
101	-4.451002	1.5963295	-1.0	-9.0	4.451002	-73.46469	3.530934	-65.262955	-83.904785	408000	2.2649765e-08	0.22887708	-0.017438237	-0.1544421	nan	0.015043222	0.0785	42.0	2234.4734120368958
102	-4.3060346	1.5794636	-1.0	-9.0	4.3060346	-73.62756	3.3985848	-63.806423	-84.25988	412000	5.0783157e-08	0.21230797	-0.015255423	-0.13439554	nan	0.015042289	0.063	30.0	2258.3896617889404
103	-4.3106794	1.6502507	-1.0	-9.0	4.3106794	-74.01153	3.4464684	-63.817425	-84.4386	416000	-4.9114227e-08	0.24932969	-0.01737632	-0.14516294	nan	0.012523893	0.08	79.0	2283.959532022476
104	-4.3336945	1.6336195	-1.0	-10.0	4.3336945	-74.36707	3.3401778	-62.56142	-84.79722	420000	2.7179718e-08	0.22142829	-0.018086078	-0.13243744	nan	0.015088653	0.07725	64.0	2307.8344638347626
105	-4.3540306	1.6646852	-1.0	-10.0	4.3540306	-74.636795	3.347655	-63.54008	-84.81747	424000	3.9100648e-08	0.25810707	-0.019502912	-0.15828751	nan	0.015073934	0.08575	76.0	2332.1881308555603
106	-4.4792833	1.6023731	-1.0	-10.0	4.4792833	-74.846344	3.4348228	-64.82006	-85.18775	428000	2.861023e-09	0.34897807	-0.012238908	-0.23088692	nan	0.015076375	0.0725	27.0	2354.053508043289
107	-4.3304443	1.5696936	-1.0	-10.0	4.3304443	-75.22826	3.2400548	-66.39006	-85.492355	432000	2.3841857e-09	0.17295079	-0.016259339	-0.10534049	nan	0.015103212	0.0645	38.0	2380.178731918335
108	-4.351852	1.628769	-1.0	-10.0	4.351852	-75.35204	3.3323057	-67.95854	-85.60987	436000	-4.4465065e-08	0.2587039	-0.021282997	-0.15956855	nan	0.011283715	0.082	79.0	2404.7725219726562
109	-4.3874865	1.6473434	-1.0	-11.0	4.3874865	-75.65819	3.2768376	-64.23641	-85.91077	440000	-6.0796737e-09	0.2658247	-0.012542482	-0.16119707	nan	0.015143069	0.06375	28.0	2427.194137096405
110	-4.327922	1.653947	-1.0	-10.0	4.327922	-76.109604	3.2363079	-64.86719	-86.20887	444000	2.360344e-08	0.20688112	-0.01898093	-0.1338254	nan	0.015109622	0.0785	47.0	2449.6233279705048
111	-4.470917	1.6489248	-1.0	-11.0	4.470917	-76.21097	3.1442018	-65.76779	-86.35457	448000	-1.26361845e-08	0.32476208	-0.014723358	-0.19314143	nan	0.015137672	0.08075	21.0	2470.665044784546
112	-4.457079	1.6297805	-1.0	-10.0	4.457079	-76.53603	3.2818296	-67.380394	-86.47547	452000	-4.148483e-08	0.24452658	-0.016793102	-0.16079372	nan	0.015283163	0.082	72.0	2492.3887519836426
113	-4.3304443	1.5902652	-1.0	-11.0	4.3304443	-76.75727	3.1243927	-67.98371	-86.795525	456000	3.9100648e-08	0.23029701	-0.014586437	-0.1286737	nan	0.015309346	0.0655	24.0	2513.978397130966
114	-4.359869	1.6561716	-1.0	-12.0	4.359869	-77.13747	3.2058659	-69.20284	-86.83317	460000	1.34706495e-08	0.19441251	-0.01993994	-0.111355476	nan	0.015000305	0.07375	58.0	2535.857707977295
115	-4.39934	1.6729386	-1.0	-10.0	4.39934	-77.29525	3.040598	-69.13592	-87.223045	464000	5.9604646e-09	0.1818365	-0.021028245	-0.10770814	nan	0.015023968	0.07575	61.0	2557.771288871765
116	-4.385965	1.6523974	-1.0	-10.0	4.385965	-77.647316	3.0838373	-69.71627	-87.32139	468000	-1.0967255e-08	0.1777828	-0.015856126	-0.10273963	nan	0.015091203	0.07375	28.0	2579.1565990448
117	-4.5079007	1.6228632	-1.0	-11.0	4.5079007	-77.6553	3.0797653	-68.70675	-87.56748	472000	3.242493e-08	0.22866055	-0.018523976	-0.15285867	nan	0.015119227	0.0805	70.0	2600.6141040325165
118	-4.3562093	1.6157314	-1.0	-10.0	4.3562093	-78.07631	2.9979362	-71.01131	-87.74039	476000	-1.1622905e-08	0.1694404	-0.018650722	-0.09925407	nan	0.01524883	0.06625	35.0	2622.251410007477
119	-4.324324	1.6618786	-1.0	-13.0	4.324324	-78.21558	3.08213	-70.095795	-87.81755	480000	4.7922136e-08	0.25616118	-0.019150494	-0.15046392	nan	0.0150219705	0.08175	62.0	2644.304347038269
120	-4.4128036	1.7229817	-1.0	-11.0	4.4128036	-78.48605	3.0137272	-70.318436	-88.11126	484000	-2.9087067e-08	0.21986954	-0.019839153	-0.13369536	nan	0.0136518795	0.083	79.0	2666.388258934021
121	-4.3848686	1.7058696	-1.0	-11.0	4.3848686	-78.879234	2.946847	-72.15428	-88.33926	488000	-4.148483e-08	0.19033372	-0.013309038	-0.11726387	nan	0.015002645	0.06325	17.0	2688.132086992264
122	-4.4323726	1.6028574	-1.0	-11.0	4.4323726	-79.04164	2.8466535	-72.49725	-88.36253	492000	3.6001204e-08	0.17986488	-0.014950043	-0.11677788	nan	0.01500425	0.072	38.0	2709.4549729824066
123	-4.3730855	1.5841728	-1.0	-11.0	4.3730855	-79.35113	2.956308	-73.35889	-88.610306	496000	1.4305114e-08	0.13592592	-0.018390693	-0.08140646	nan	0.012811946	0.06975	79.0	2731.5961990356445
124	-4.304629	1.5880306	-1.0	-11.0	4.304629	-79.49581	2.863942	-73.14879	-88.80893	500000	-2.9087067e-08	0.14426601	-0.019971557	-0.08874608	nan	0.015180099	0.06375	41.0	2753.5530347824097
125	-4.3763676	1.6507174	-1.0	-12.0	4.3763676	-79.82142	2.8806922	-73.748535	-88.89288	504000	1.2874604e-08	0.15335843	-0.01829239	-0.08902215	nan	0.015135905	0.07575	48.0	2775.2107150554657
126	-4.3562093	1.6197715	-1.0	-10.0	4.3562093	-80.0208	2.7602267	-73.89849	-89.21526	508000	5.722046e-09	0.14646743	-0.015752606	-0.09098987	nan	0.015137172	0.06625	27.0	2796.685868024826
127	-4.3956046	1.6034244	-1.0	-10.0	4.3956046	-80.3237	2.8128445	-74.59617	-89.35064	512000	2.1219254e-08	0.14236489	-0.02238549	-0.08711154	nan	0.014711736	0.08825	79.0	2818.5332918167114
128	-4.4384017	1.5582765	-1.0	-10.0	4.4384017	-80.34869	2.7893057	-74.52882	-89.62217	516000	-5.042553e-08	0.11325569	-0.022644835	-0.0674977	nan	0.015039015	0.07525	60.0	2840.056578874588
129	-4.315335	1.5406382	-1.0	-11.0	4.315335	-80.75753	2.7584846	-74.61632	-89.73488	520000	3.3140182e-08	0.115187936	-0.01734834	-0.069147125	nan	0.015144661	0.0675	34.0	2861.7676060199738
130	-4.2918453	1.5908194	-1.0	-11.0	4.2918453	-80.81167	2.8138347	-75.0972	-89.93737	524000	-1.4305115e-09	0.13818942	-0.020480521	-0.07958027	nan	0.013126113	0.071	79.0	2884.285140991211
131	-4.3982396	1.6722143	-1.0	-11.0	4.3982396	-81.097786	2.7173157	-75.3082	-90.09525	528000	-1.6093255e-09	0.154285	-0.015127523	-0.08962848	nan	0.015170694	0.06675	20.0	2905.4257209300995
132	-4.3609595	1.629714	-1.0	-10.0	4.3609595	-81.43009	2.6884677	-75.92783	-90.277405	532000	-4.2915342e-09	0.12417008	-0.0167451	-0.07753983	nan	0.015098242	0.0745	39.0	2926.9988598823547
133	-4.446051	1.5700667	-1.0	-9.0	4.446051	-81.45979	2.5917947	-76.20978	-90.200966	536000	4.553795e-08	0.11762231	-0.015272627	-0.07230193	nan	0.015166674	0.0655	39.0	2948.289316892624
134	-4.4019823	1.5742548	-1.0	-10.0	4.4019823	-81.812546	2.7096684	-75.64266	-90.68912	540000	-3.8266183e-08	0.114033505	-0.020466393	-0.060744613	nan	0.013349623	0.0725	79.0	2970.2723817825317
135	-4.2579956	1.5630206	-1.0	-11.0	4.2579956	-81.872696	2.618654	-76.640976	-90.841644	544000	4.6253206e-08	0.11835257	-0.019676372	-0.072748154	nan	0.014940262	0.0735	79.0	2992.6080298423767
136	-4.309601	1.5881656	-1.0	-10.0	4.309601	-82.19813	2.5821137	-76.28375	-90.70855	548000	-1.9073486e-08	0.11161564	-0.015151998	-0.06715008	nan	0.015385624	0.0565	24.0	3014.4203259944916
137	-4.2918453	1.6055892	-1.0	-9.0	4.2918453	-82.35883	2.5294273	-76.91697	-91.01519	552000	5.1259996e-09	0.10214595	-0.014899305	-0.061884213	nan	0.015268649	0.06325	32.0	3036.140690088272
138	-4.433481	1.5841191	-1.0	-10.0	4.433481	-82.63557	2.5359218	-77.17994	-91.14549	556000	3.886223e-08	0.10997159	-0.012523815	-0.06698166	nan	0.01503206	0.057	18.0	3057.1997730731964
139	-4.4323726	1.580569	-1.0	-11.0	4.4323726	-82.676476	2.5687728	-76.70956	-91.408615	560000	-2.8371812e-08	0.09695955	-0.019094136	-0.056977272	nan	0.014625777	0.07575	79.0	3078.942909002304
140	-4.3246756	1.554423	-1.0	-9.0	4.3246756	-82.979515	2.559944	-76.85023	-91.64464	564000	8.5830685e-09	0.09825362	-0.015078022	-0.058720775	nan	0.015167149	0.065	36.0	3100.7483949661255
141	-4.263326	1.5672413	-1.0	-9.0	4.263326	-83.035484	2.5303736	-77.450836	-91.34073	568000	-4.2915342e-09	0.09288762	-0.018961212	-0.05713993	nan	0.012941244	0.069	79.0	3123.1691420078278
142	-4.370492	1.6227223	-1.0	-11.0	4.370492	-83.3131	2.5396945	-77.59444	-91.67944	572000	-1.525879e-08	0.10131894	-0.01914063	-0.060107213	nan	0.015042233	0.077	79.0	3145.216239929199
143	-4.3060346	1.6112101	-1.0	-11.0	4.3060346	-83.60051	2.422867	-78.510025	-91.88309	576000	1.4305114e-08	0.09535193	-0.022236988	-0.059100498	nan	0.0126424655	0.081	79.0	3167.448800802231
144	-4.482604	1.5850312	-1.0	-10.0	4.482604	-83.645424	2.4287348	-78.33435	-91.466	580000	5.722046e-09	0.099760205	-0.021977702	-0.059074786	nan	0.015120246	0.08325	76.0	3189.0657341480255
145	-4.4487753	1.6142957	-1.0	-10.0	4.4487753	-83.95468	2.480858	-78.11243	-92.194885	584000	-1.4305114e-08	0.08950205	-0.022066725	-0.053235274	nan	0.015066057	0.0785	65.0	3210.550633907318
146	-4.2646747	1.5572877	-1.0	-12.0	4.2646747	-83.968285	2.4284618	-76.43562	-92.46302	588000	-3.6239623e-08	0.09505273	-0.018781504	-0.058348767	nan	0.01210605	0.07225	79.0	3232.936522960663
147	-4.364629	1.6613425	-1.0	-10.0	4.364629	-84.257645	2.4160352	-78.77467	-92.19734	592000	-2.002716e-08	0.1034895	-0.01537892	-0.065263435	nan	0.015097593	0.06675	27.0	3254.3004059791565
148	-4.2978497	1.643657	-1.0	-10.0	4.2978497	-84.47023	2.402739	-79.2722	-92.382965	596000	-3.5762787e-10	0.09274797	-0.020217724	-0.058678497	nan	0.013941611	0.07875	79.0	3276.7829310894012
149	-4.4052863	1.6199658	-1.0	-12.0	4.4052863	-84.67433	2.3325906	-79.74759	-92.60874	600000	5.4359436e-08	0.090957224	-0.01630704	-0.05502744	nan	0.015119282	0.072	25.0	3297.9967370033264
150	-4.39934	1.5670002	-1.0	-11.0	4.39934	-84.73244	2.3873718	-79.67299	-92.798935	604000	5.722046e-09	0.07468843	-0.019438718	-0.041389383	nan	0.013143713	0.07075	79.0	3320.4077520370483
151	-4.236229	1.5329436	-1.0	-10.0	4.236229	-84.91026	2.329469	-79.236145	-93.07515	608000	1.9073487e-09	0.074293226	-0.018837744	-0.043207675	nan	0.015077685	0.073	62.0	3342.734064102173
152	-4.256656	1.5930982	-1.0	-11.0	4.256656	-85.085175	2.3531075	-79.67744	-92.77005	612000	-5.2452087e-08	0.06955167	-0.017017683	-0.041445557	nan	0.015167382	0.06825	36.0	3364.6966819763184
153	-4.36205	1.5877802	-1.0	-10.0	4.36205	-85.24715	2.2640815	-80.27948	-92.886246	616000	1.2159347e-08	0.09644726	-0.0135660125	-0.05657172	nan	0.015216072	0.06175	30.0	3386.177597761154
154	-4.2815847	1.5932618	-1.0	-9.0	4.2815847	-85.54031	2.2349565	-80.66897	-93.09355	620000	1.3828277e-08	0.07363169	-0.015722277	-0.04239288	nan	0.015025413	0.0615	31.0	3407.939709186554
155	-4.4593086	1.5931727	-1.0	-10.0	4.4593086	-85.53432	2.23634	-80.427704	-92.348976	624000	2.9087067e-08	0.06397513	-0.02161632	-0.038744032	nan	0.015168202	0.084	68.0	3429.4265189170837
156	-4.359869	1.5640603	-1.0	-10.0	4.359869	-85.79781	2.280571	-80.598366	-93.33894	628000	1.4305114e-08	0.08211013	-0.014656121	-0.04993402	nan	0.015106673	0.05075	17.0	3450.7243399620056
157	-4.2172995	1.5593857	-1.0	-10.0	4.2172995	-85.87306	2.26934	-79.182526	-93.6792	632000	-3.7670137e-08	0.06155302	-0.013058392	-0.034859005	nan	0.015032621	0.06775	23.0	3472.6651198863983
158	-4.3848686	1.6648823	-1.0	-13.0	4.3848686	-86.01528	2.1784096	-80.783775	-93.29875	636000	-2.8848648e-08	0.08014803	-0.020202456	-0.048245218	nan	0.013329034	0.07725	79.0	3494.709958076477
159	-4.3196545	1.6494591	-1.0	-10.0	4.3196545	-86.26102	2.1776252	-80.72974	-93.533356	640000	5.6266785e-08	0.085841596	-0.01558062	-0.054123744	nan	0.0154560795	0.0705	27.0	3516.2579748630524
160	-4.409041	1.6134926	-1.0	-9.0	4.409041	-86.38206	2.1090753	-81.73968	-93.1474	644000	-3.051758e-08	0.07678907	-0.023539353	-0.043563116	nan	0.015037311	0.08025	77.0	3538.1690831184387
161	-4.4187846	1.5782641	-1.0	-10.0	4.4187846	-86.55619	2.1484857	-81.61214	-93.69731	648000	-6.198883e-09	0.07223131	-0.018998358	-0.040184297	nan	0.015078838	0.07475	50.0	3559.578494787216
162	-4.236229	1.5460176	-1.0	-12.0	4.236229	-86.60803	2.14002	-80.670006	-94.21427	652000	5.2928925e-08	0.06695586	-0.016262636	-0.03869137	nan	0.015099829	0.066	42.0	3582.2488169670105
163	-4.315335	1.6607274	-1.0	-10.0	4.315335	-86.82531	2.1376233	-81.2482	-93.53123	656000	-3.0875206e-08	0.09690876	-0.013180338	-0.048419494	nan	0.015050701	0.05775	21.0	3603.8077578544617
164	-4.361354	1.7230115	-1.0	-12.0	4.361354	-86.94341	2.0738451	-81.18904	-93.74248	660000	-1.835823e-08	0.10458613	-0.019090101	-0.058518212	nan	0.015034277	0.071	37.0	3626.466996908188
165	-4.3763676	1.6652353	-1.0	-9.0	4.3763676	-87.13794	2.086447	-82.590576	-93.95008	664000	5.2452087e-09	0.08806095	-0.018589757	-0.04511914	nan	0.015051961	0.07275	56.0	3652.166872024536
166	-4.448276	1.5828421	-1.0	-10.0	4.448276	-87.116974	2.0492206	-82.051636	-93.9028	668000	1.5735626e-08	0.07981066	-0.013090796	-0.04448028	nan	0.015292819	0.06525	23.0	3677.3139469623566
167	-4.314995	1.5881239	-1.0	-10.0	4.314995	-87.38292	2.0721598	-82.356445	-93.99227	672000	-1.2397766e-08	0.07578726	-0.015410774	-0.041758146	nan	0.015354767	0.065	21.0	3703.2869880199432
168	-4.3060346	1.6541114	-1.0	-12.0	4.3060346	-87.42198	2.120094	-82.13919	-94.77347	676000	-2.8610229e-08	0.08244704	-0.015907846	-0.040717464	nan	0.015070624	0.07275	46.0	3729.8257048130035
169	-4.403084	1.66873	-1.0	-9.0	4.403084	-87.54844	2.0380347	-82.31545	-93.98577	680000	-2.3841858e-08	0.08882479	-0.017552996	-0.046721585	nan	0.0150848795	0.07625	46.0	3755.1511840820312
170	-4.426357	1.7479153	-1.0	-10.0	4.426357	-87.77252	2.041241	-83.13214	-94.23161	684000	-6.198883e-09	0.08437352	-0.02085939	-0.04386747	nan	0.015001737	0.07975	65.0	3780.749857902527
171	-4.570286	1.7146186	-1.0	-11.0	4.570286	-87.81961	2.0141714	-82.94837	-93.792015	688000	2.8371812e-08	0.079409696	-0.016908411	-0.041395396	nan	0.015221416	0.07125	29.0	3805.4117300510406
172	-4.431264	1.6585592	-1.0	-11.0	4.431264	-88.046295	2.0267813	-81.938484	-94.859245	692000	2.5272369e-08	0.11788239	-0.017623171	-0.056436036	nan	0.015012908	0.08325	58.0	3830.9773149490356
173	-4.3010755	1.5670322	-1.0	-10.0	4.3010755	-88.09167	1.9835688	-83.10855	-95.12616	696000	-3.838539e-08	0.07860915	-0.017222986	-0.04583993	nan	0.01507452	0.07175	39.0	3856.86337184906
174	-4.4019823	1.6922591	-1.0	-9.0	4.4019823	-88.28228	2.0078893	-82.88215	-94.01414	700000	-4.768372e-10	0.07399478	-0.013299792	-0.038107976	nan	0.015112593	0.0755	16.0	3882.4972138404846
175	-4.405733	1.66774	-1.0	-9.0	4.405733	-88.40819	1.9220811	-82.62538	-94.57327	704000	-3.3378602e-09	0.088598706	-0.014215586	-0.050519165	nan	0.015150909	0.07725	33.0	3907.8723859786987
176	-4.4742727	1.7310523	-1.0	-10.0	4.4742727	-88.58874	1.9032269	-83.94729	-94.26376	708000	3.4570693e-08	0.07429493	-0.019059911	-0.04312899	nan	0.015079261	0.0685	31.0	3932.516011953354
177	-4.507328	1.653019	-1.0	-11.0	4.507328	-88.599106	1.9256533	-83.748566	-94.57985	712000	3.0815603e-08	0.06407326	-0.017930413	-0.03556516	nan	0.01504174	0.07125	53.0	3957.5988137722015
178	-4.42146	1.7025565	-1.0	-12.0	4.42146	-88.80957	1.8981994	-83.977554	-94.712265	716000	1.6450882e-08	0.05938806	-0.020837298	-0.03322486	nan	0.012876464	0.0775	79.0	3983.5031979084015
179	-4.3587785	1.6488197	-1.0	-9.0	4.3587785	-88.851906	1.9257834	-84.71894	-95.52384	720000	-1.9073487e-09	0.058646835	-0.018507456	-0.032329112	nan	0.014237885	0.08025	79.0	4009.79100894928
180	-4.4101434	1.659368	-1.0	-10.0	4.4101434	-88.98044	1.8599074	-84.56127	-94.3993	724000	-2.3841858e-08	0.055021726	-0.015920432	-0.029015759	nan	0.015297331	0.07	43.0	4035.4935388565063
181	-4.443333	1.7308027	-1.0	-10.0	4.443333	-89.18589	1.8339831	-84.905174	-94.571	728000	5.722046e-09	0.060030814	-0.01500602	-0.0342539	nan	0.015404004	0.0655	21.0	4060.1295409202576
182	-4.502252	1.6617028	-1.0	-11.0	4.502252	-89.26099	1.8299887	-84.93662	-94.689995	732000	-2.7179718e-08	0.048323005	-0.022769453	-0.02615149	nan	0.015004476	0.08625	79.0	4085.4809329509735
183	-4.517514	1.6628131	-1.0	-11.0	4.517514	-89.42703	1.8055501	-85.0091	-94.80155	736000	-1.8119811e-08	0.06166788	-0.01874927	-0.035807706	nan	0.015133562	0.07	54.0	4110.794835090637
184	-4.332611	1.5609288	-1.0	-10.0	4.332611	-89.47289	1.8130755	-84.75864	-95.772354	740000	1.859665e-08	0.052121293	-0.018828947	-0.028622448	nan	0.015164221	0.06725	48.0	4136.66858792305
185	-4.427464	1.6847302	-1.0	-12.0	4.427464	-89.578	1.82885	-85.33362	-94.673874	744000	3.0755995e-08	0.051401917	-0.016718661	-0.030099818	nan	0.015034004	0.0735	26.0	4162.0368049144745
186	-4.4681563	1.7248893	-1.0	-11.0	4.4681563	-89.73256	1.7571061	-85.35982	-94.542	748000	-1.8119811e-08	0.050593004	-0.01348734	-0.027760996	nan	0.015208454	0.06775	18.0	4186.8593719005585
187	-4.454343	1.7128584	-1.0	-11.0	4.454343	-89.89805	1.7282604	-85.73794	-94.66269	752000	2.9563903e-08	0.046946358	-0.019783963	-0.027060758	nan	0.015023858	0.08	61.0	4212.593937158585
188	-4.5181	1.5927972	-1.0	-10.0	4.5181	-89.92377	1.7413723	-85.733665	-95.028305	756000	1.168251e-08	0.04816204	-0.011769967	-0.026214428	nan	0.015012283	0.05675	16.0	4237.378034830093
189	-4.441111	1.6565958	-1.0	-10.0	4.441111	-90.12114	1.7487032	-85.6502	-94.93933	760000	-3.695488e-09	0.041736916	-0.01540751	-0.024665615	nan	0.015217204	0.0705	29.0	4262.246989965439
190	-4.295699	1.604323	-1.0	-12.0	4.295699	-90.14776	1.780018	-85.80619	-95.93903	764000	-1.5497207e-08	0.04448632	-0.020257805	-0.02586591	nan	0.015081795	0.073	72.0	4288.259435892105
191	-4.4384017	1.6650189	-1.0	-12.0	4.4384017	-90.24372	1.6983944	-86.05482	-94.532974	768000	-8.5830685e-09	0.04608712	-0.015571576	-0.025807725	nan	0.015065663	0.0635	25.0	4312.998197793961
192	-4.4444447	1.7314806	-1.0	-11.0	4.4444447	-90.40253	1.6822153	-86.6343	-94.777	772000	-9.298325e-09	0.03842766	-0.0136743225	-0.021297937	nan	0.015434779	0.06225	16.0	4337.5675728321075
193	-4.510158	1.678912	-1.0	-12.0	4.510158	-90.509796	1.6814649	-86.480034	-95.29772	776000	4.5776368e-08	0.04227507	-0.017940827	-0.025281603	nan	0.015002961	0.0715	34.0	4361.995748996735
194	-4.4792833	1.645812	-1.0	-11.0	4.4792833	-90.59153	1.646723	-86.91158	-95.18478	780000	1.1444092e-08	0.053939126	-0.020658169	-0.033479787	nan	0.0141483545	0.07375	79.0	4387.444730043411
195	-4.3804827	1.5870131	-1.0	-9.0	4.3804827	-90.67978	1.6314223	-86.17045	-96.09241	784000	1.9073487e-09	0.039824147	-0.014195879	-0.022934813	nan	0.015070112	0.0745	23.0	4412.41104888916
196	-4.3572984	1.6458855	-1.0	-11.0	4.3572984	-90.78648	1.6881101	-86.60691	-95.32176	788000	1.1444092e-08	0.036965743	-0.016098946	-0.022874624	nan	0.01514002	0.06925	26.0	4437.373135089874
197	-4.443333	1.6221076	-1.0	-9.0	4.443333	-90.88822	1.6185044	-87.08153	-94.80904	792000	-4.529953e-09	0.038697854	-0.015668966	-0.020345272	nan	0.015017072	0.07	35.0	4462.008264064789
198	-4.369399	1.6347133	-1.0	-9.0	4.369399	-91.07865	1.5855254	-87.157585	-95.36115	796000	-1.2397766e-08	0.033045407	-0.014035762	-0.019372828	nan	0.015292943	0.06925	22.0	4486.267683029175
199	-4.6136103	1.6677827	-1.0	-10.0	4.6136103	-91.088776	1.5936435	-87.38222	-95.46261	800000	4.7683715e-09	0.040859368	-0.014307203	-0.025238492	nan	0.015037155	0.0745	29.0	4507.48318195343
200	-4.4971876	1.6458843	-1.0	-10.0	4.4971876	-91.23413	1.59217	-86.991936	-95.55457	804000	1.0967255e-08	0.037141338	-0.014992112	-0.021836527	nan	0.015153506	0.058	22.0	4529.080216884613
