Epoch	AverageEpRet	StdEpRet	MaxEpRet	MinEpRet	EpLen	AverageVVals	StdVVals	MaxVVals	MinVVals	TotalEnvInteracts	LossPi	LossV	DeltaLossPi	DeltaLossV	Entropy	KL	ClipFrac	StopIter	Time
0	-5.7771344	2.7610266	-1.0	-13.0	5.7771344	-0.35406992	0.07364355	0.011366084	-0.5695104	4000	-4.1842462e-08	21.51346	-0.0075972984	-17.36273	0.6865317	0.01890039	0.4965	6.0	18.549243927001953
1	-5.6323943	2.8056922	-1.0	-15.0	5.6323943	-3.9704814	0.865242	-0.7113401	-5.296828	8000	6.9618224e-08	13.874627	-0.011111083	-10.923976	0.65780735	0.018272892	0.32375	6.0	37.3961398601532
2	-5.592437	2.6956754	-1.0	-14.0	5.592437	-6.8863106	1.5247946	-2.1687193	-8.748126	12000	1.5342235e-07	8.165799	-0.00426813	-5.963401	0.59752685	0.015312209	0.2755	8.0	57.212817907333374
3	-5.309429	2.613913	-1.0	-13.0	5.309429	-8.9614725	1.9871937	-1.810872	-11.55667	16000	2.7656554e-08	5.042996	-0.01104478	-3.040725	0.52221256	0.0063669337	0.0795	79.0	80.40155982971191
4	-5.172057	2.347583	-1.0	-12.0	5.172057	-10.641186	1.9370745	-4.4272943	-13.245573	20000	2.1219254e-08	4.2081356	-0.013548518	-2.495418	0.49522486	0.006731902	0.07775	79.0	101.57003378868103
5	-5.226144	2.3829122	-1.0	-13.0	5.226144	-12.049721	2.0282273	-5.8100524	-14.85862	24000	3.361702e-08	4.432877	-0.012134703	-2.647831	0.43816152	0.0063048685	0.08225	79.0	123.76867294311523
6	-4.932099	2.334197	-1.0	-12.0	4.932099	-13.517576	2.1529946	-7.455236	-16.598097	28000	1.0204315e-07	3.541012	-0.010155839	-2.2137716	0.38793972	0.0027399233	0.0545	79.0	147.6911859512329
7	-5.0492425	2.37864	-1.0	-12.0	5.0492425	-14.633943	2.2284503	-8.48907	-18.208292	32000	-5.722046e-09	3.1283305	-0.011144047	-2.0522997	0.3586706	0.0053258757	0.051	79.0	169.62626481056213
8	-5.0062656	2.4141834	-1.0	-12.0	5.0062656	-16.108	2.3609505	-9.921163	-19.884111	36000	-4.4345857e-08	2.7008462	-0.013104128	-1.7131176	0.3385886	0.0050951303	0.062	79.0	190.95255494117737
9	-4.915129	2.3314376	-1.0	-12.0	4.915129	-17.265226	2.472268	-8.246226	-21.387844	40000	3.0994414e-08	2.4584522	-0.016116865	-1.5636419	0.33329064	0.0041142427	0.07	79.0	211.7281129360199
10	-4.967702	2.2763052	-1.0	-13.0	4.967702	-18.359917	2.566967	-9.87282	-22.685518	44000	7.152557e-09	2.3481176	-0.013500323	-1.4875169	0.30724135	0.0019712336	0.051	79.0	231.6771719455719
11	-5.080051	2.2752066	-1.0	-12.0	5.080051	-19.46015	2.6318736	-12.588242	-24.017267	48000	1.0848045e-08	2.2277899	-0.015640598	-1.4726918	0.29768062	0.005019196	0.06425	79.0	251.01237297058105
12	-4.991261	2.3166711	-1.0	-12.0	4.991261	-20.54109	2.6509008	-13.174365	-25.392393	52000	-3.671646e-08	2.203018	-0.01479322	-1.4293349	0.29075554	0.005374863	0.061	79.0	271.0899088382721
13	-4.8649635	2.297256	-1.0	-12.0	4.8649635	-21.481434	2.713623	-14.52819	-26.583132	56000	1.0728836e-09	1.88169	-0.017974572	-1.2033883	0.2734057	0.010269399	0.0685	79.0	291.1922209262848
14	-5.1034484	2.4344852	-1.0	-12.0	5.1034484	-22.67118	2.6511328	-15.980631	-27.485508	60000	5.1021576e-08	1.9500567	-0.019856084	-1.2722287	0.28009975	0.0076652556	0.07425	79.0	310.43124198913574
15	-5.006258	2.3723924	-1.0	-12.0	5.006258	-23.697828	2.7139878	-14.532267	-28.607784	64000	2.5749207e-08	1.817259	-0.018246932	-1.1630042	0.2720444	0.0108172875	0.0765	79.0	329.98415184020996
16	-4.860267	2.2700253	-1.0	-11.0	4.860267	-24.644238	2.7199266	-15.567758	-29.677431	68000	7.772446e-08	1.65928	-0.019756082	-1.067415	0.25766593	0.0074180956	0.07925	79.0	349.9628658294678
17	-5.1047254	2.319723	-1.0	-12.0	5.1047254	-25.621616	2.786593	-17.487684	-30.73947	72000	-4.2438508e-08	1.5566802	-0.021506958	-1.0215149	0.25305223	0.011666971	0.08425	79.0	369.2432827949524
18	-5.1060023	2.3347566	-1.0	-12.0	5.1060023	-26.572042	2.7306685	-18.027645	-31.672403	76000	1.8119811e-08	1.7715076	-0.01995435	-1.1768379	0.26566723	0.0054187067	0.07475	79.0	388.448086977005
19	-5.0	2.3032584	-1.0	-11.0	5.0	-27.426886	2.7632682	-18.69661	-32.77364	80000	-2.5749207e-08	1.4441694	-0.019374099	-0.92096883	0.235304	0.010857594	0.0685	79.0	408.089959859848
20	-4.973848	2.4153028	-1.0	-13.0	4.973848	-28.436497	2.6728084	-19.01322	-33.53023	84000	4.4345857e-08	1.4905279	-0.017896643	-0.9684357	0.24076106	0.010713474	0.07325	79.0	427.7146089076996
21	-5.1112533	2.3847666	-1.0	-12.0	5.1112533	-29.398148	2.722182	-19.117212	-34.382557	88000	-1.0490417e-08	1.3835682	-0.018333001	-0.91552234	0.23386039	0.009767571	0.07975	79.0	447.0392048358917
22	-4.911548	2.3094802	-1.0	-11.0	4.911548	-30.273434	2.7378082	-20.49088	-35.28461	92000	1.0490417e-08	1.3437394	-0.018435773	-0.8664475	0.22398219	0.009087112	0.07975	79.0	467.3085038661957
23	-5.0492425	2.2766602	-1.0	-12.0	5.0492425	-31.1307	2.8195622	-21.432858	-36.159706	96000	-4.482269e-08	1.3366547	-0.01991132	-0.8853638	0.21885897	0.010538969	0.08725	79.0	486.88176369667053
24	-5.0931125	2.2401152	-1.0	-11.0	5.0931125	-32.03669	2.7814777	-22.505272	-37.003452	100000	9.727478e-08	1.4447527	-0.019100575	-0.94393355	0.225422	0.010178372	0.0785	79.0	506.1408257484436
25	-4.9127765	2.2439673	-1.0	-12.0	4.9127765	-32.88842	2.8522024	-23.402275	-38.1285	104000	7.104874e-08	1.2292061	-0.018289777	-0.7297499	0.2201596	0.009709642	0.08125	79.0	526.3286728858948
26	-5.039092	2.407897	-1.0	-12.0	5.039092	-33.489197	2.7844005	-22.381084	-38.948963	108000	-5.0544738e-08	1.323691	-0.019087996	-0.86387146	0.21253835	0.008475559	0.07625	79.0	545.6638326644897
27	-5.1099744	2.3401701	-1.0	-12.0	5.1099744	-34.682915	2.7752128	-24.51445	-39.619724	112000	2.2411346e-08	1.0658963	-0.017915944	-0.6764059	0.2116456	0.0110422075	0.07675	79.0	564.9981398582458
28	-4.897059	2.328256	-1.0	-12.0	4.897059	-35.35214	2.8166337	-24.468683	-40.36954	116000	8.296966e-08	1.1691931	-0.019217981	-0.7569462	0.19031769	0.013459791	0.07525	79.0	584.8251309394836
29	-5.0251575	2.2585955	-1.0	-11.0	5.0251575	-36.081352	2.8812118	-24.381836	-41.155624	120000	5.030632e-08	1.0956453	-0.017506208	-0.7239654	0.18784793	0.015213308	0.0775	69.0	604.171514749527
30	-5.076239	2.2259374	-1.0	-12.0	5.076239	-36.78293	2.9346461	-25.184645	-41.954235	124000	-5.8650972e-08	1.1800535	-0.01633458	-0.755654	0.19242856	0.005486902	0.061	79.0	623.6553628444672
31	-5.0050125	2.3277717	-1.0	-12.0	5.0050125	-37.76919	2.8486893	-27.61145	-42.819695	128000	5.698204e-08	1.1262898	-0.01584334	-0.6969321	0.18710154	0.004721178	0.06425	79.0	643.2024667263031
32	-4.99375	2.3283494	-1.0	-11.0	4.99375	-38.315266	2.8535228	-25.668596	-43.666924	132000	-9.536744e-10	1.1047481	-0.017459238	-0.7214565	0.1767509	0.010779297	0.0655	79.0	662.7991087436676
33	-5.1086955	2.4210713	-1.0	-12.0	5.1086955	-39.31611	2.898726	-26.463598	-44.294853	136000	-1.7940998e-08	1.039868	-0.018297937	-0.645944	0.18436252	0.011903106	0.07425	79.0	681.8861818313599
34	-4.8982844	2.3190806	-1.0	-12.0	4.8982844	-40.05404	2.8890948	-26.740486	-45.05091	140000	-5.4836274e-08	1.0672402	-0.017411856	-0.67292166	0.16667253	0.011301704	0.074	79.0	701.6686840057373
35	-4.951673	2.2967882	-1.0	-11.0	4.951673	-40.698277	2.9157906	-28.974	-45.811836	144000	-7.05719e-08	0.9682331	-0.017438285	-0.62723243	0.17061807	0.01346424	0.06475	79.0	721.264007806778
36	-5.156129	2.2978554	-1.0	-13.0	5.156129	-41.45321	2.9834235	-28.557484	-46.491673	148000	9.536743e-09	1.0212241	-0.01795162	-0.6229124	0.1734694	0.012734997	0.0735	79.0	740.2989218235016
37	-5.0138016	2.31975	-1.0	-12.0	5.0138016	-42.23542	2.9010463	-29.147749	-47.403	152000	-1.9073486e-08	1.0334342	-0.018321224	-0.6309923	0.17064078	0.012676086	0.07525	79.0	759.7410349845886
38	-4.9321823	2.2857707	-1.0	-12.0	4.9321823	-42.721966	2.916693	-31.670692	-48.171295	156000	4.2915346e-08	0.995834	-0.0180119	-0.6089232	0.16639534	0.009786626	0.07525	79.0	779.4192447662354
39	-5.0761423	2.436355	-1.0	-12.0	5.0761423	-43.614162	3.03302	-27.759052	-48.757805	160000	1.7166137e-08	0.9504761	-0.016114183	-0.5750973	0.16843008	0.012629992	0.07475	79.0	798.6457500457764
40	-5.0	2.298369	-1.0	-11.0	5.0	-44.420258	2.904322	-29.266516	-49.423645	164000	2.3841857e-09	0.89914024	-0.0164968	-0.5608673	0.16112751	0.010622301	0.07825	79.0	818.2542898654938
41	-4.863747	2.3101227	-1.0	-11.0	4.863747	-44.82324	3.109272	-26.048742	-50.122223	168000	-4.1007997e-08	0.9429426	-0.01545868	-0.5542046	0.15460096	0.01525458	0.0735	75.0	838.5279066562653
42	-5.157419	2.2958012	-1.0	-12.0	5.157419	-45.50668	3.0853395	-31.95173	-50.86431	172000	3.4332274e-08	0.9009137	-0.015641857	-0.56685674	0.15603666	0.010319354	0.06375	79.0	857.5491487979889
43	-5.0314465	2.312181	-1.0	-12.0	5.0314465	-46.355618	3.0004542	-30.126087	-51.573017	176000	-7.104874e-08	0.8958235	-0.015934942	-0.5221938	0.15954499	0.015083538	0.07975	75.0	877.0852479934692
44	-4.971393	2.308416	-1.0	-12.0	4.971393	-46.893856	3.0281985	-35.092514	-52.319862	180000	2.5749207e-08	0.88029224	-0.017458279	-0.51620877	0.15828082	0.014530916	0.07675	79.0	896.783139705658
45	-4.956576	2.4059172	-1.0	-13.0	4.956576	-47.487305	3.010124	-31.564436	-52.80082	184000	9.536743e-09	0.8796941	-0.016834667	-0.5465158	0.15488558	0.01510807	0.076	41.0	916.0502457618713
46	-5.0917196	2.377548	-1.0	-11.0	5.0917196	-48.385548	2.926634	-33.903877	-53.5438	188000	1.1014939e-07	0.83494544	-0.016179672	-0.5016894	0.15788296	0.012940337	0.075	79.0	935.2512798309326
47	-4.9236455	2.322323	-1.0	-11.0	4.9236455	-48.8095	3.1368835	-32.4427	-54.27917	192000	8.5830685e-09	0.84967625	-0.016681407	-0.5212094	0.14592114	0.013464434	0.08125	79.0	955.0096588134766
48	-5.006258	2.276552	-1.0	-12.0	5.006258	-49.336918	3.018025	-35.919903	-54.9045	196000	2.0503998e-08	0.75031185	-0.016273031	-0.446713	0.14190787	0.009044366	0.06875	79.0	974.3181908130646
49	-5.156129	2.304024	-1.0	-12.0	5.156129	-50.02415	2.9001203	-37.58534	-55.447754	200000	9.727478e-08	0.84461856	-0.016820557	-0.4961335	0.14807117	0.0139643075	0.073	79.0	993.383663892746
50	-4.873171	2.253672	-1.0	-12.0	4.873171	-50.645367	2.9765334	-38.81984	-56.159557	204000	-1.3589859e-08	0.7495948	-0.011693962	-0.40105408	0.14391352	0.015254105	0.06675	33.0	1013.083890914917
51	-5.0175657	2.4298835	-1.0	-12.0	5.0175657	-51.05913	2.964453	-36.717636	-56.662296	208000	2.360344e-08	0.8984927	-0.016419305	-0.55907094	0.14307506	0.015193584	0.07025	74.0	1032.371055841446
52	-5.0929937	2.3502843	-1.0	-11.0	5.0929937	-51.99719	2.9549422	-38.25439	-57.354603	212000	8.106232e-09	0.71168196	-0.011532695	-0.38409248	0.14677592	0.015623688	0.061	20.0	1051.26584982872
53	-4.86618	2.3223445	-1.0	-12.0	4.86618	-52.43908	2.9803576	-38.89498	-57.93026	216000	-4.9591065e-08	0.72489387	-0.015646894	-0.4135501	0.13717066	0.009874939	0.072	79.0	1071.0900988578796
54	-5.0062656	2.2608602	-1.0	-12.0	5.0062656	-52.94528	2.98964	-39.01041	-58.499813	220000	-5.7220458e-08	0.6497252	-0.011223401	-0.39300326	0.13039975	0.015643388	0.06625	25.0	1090.158262014389
55	-5.0955415	2.2825382	-1.0	-12.0	5.0955415	-53.420452	3.0254984	-40.169918	-58.97824	224000	-8.177757e-08	0.7309787	-0.01524788	-0.40548697	0.132295	0.015168615	0.06775	42.0	1109.4564747810364
56	-4.946782	2.3177938	-1.0	-12.0	4.946782	-54.133625	2.8853567	-42.26613	-59.64718	228000	2.193451e-08	0.68899524	-0.01509651	-0.38099292	0.13069196	0.0153422775	0.0695	66.0	1129.074455022812
57	-4.9615383	2.3358805	-1.0	-11.0	4.9615383	-54.466007	2.9145117	-39.790257	-60.220203	232000	-1.1444092e-08	0.75735646	-0.013040099	-0.47251529	0.12738243	0.015490873	0.06325	26.0	1148.2896447181702
58	-5.0955415	2.4264555	-1.0	-12.0	5.0955415	-55.28517	2.8736522	-41.508926	-60.78017	236000	6.9141386e-08	0.631475	-0.014793819	-0.34457675	0.13416508	0.015246471	0.071	47.0	1167.3206930160522
59	-4.918819	2.3111691	-1.0	-12.0	4.918819	-55.779358	2.8538322	-41.93447	-61.350006	240000	-1.4781952e-08	0.6663923	-0.015399111	-0.3949371	0.12190394	0.012381384	0.06475	79.0	1187.0203568935394
60	-4.9578166	2.2975242	-1.0	-12.0	4.9578166	-56.159676	2.9665318	-41.69607	-61.934704	244000	-5.2452087e-09	0.59352446	-0.01211537	-0.32724956	0.1288729	0.015037643	0.06125	34.0	1206.345336675644
61	-5.148005	2.296542	-1.0	-12.0	5.148005	-56.682022	2.9743075	-42.615753	-62.4043	248000	-2.6226044e-08	0.6133577	-0.013775302	-0.36085796	0.13065837	0.011711924	0.06825	79.0	1225.3308248519897
62	-5.0289307	2.3574677	-1.0	-12.0	5.0289307	-57.266163	2.8263614	-44.437668	-62.976383	252000	3.886223e-08	0.65003	-0.0110842055	-0.35628387	0.1283772	0.015235924	0.0585	23.0	1244.2839789390564
63	-4.938195	2.3116062	-1.0	-12.0	4.938195	-57.606148	2.7872217	-45.11889	-63.567173	256000	2.3126603e-08	0.6406081	-0.013802132	-0.37485826	0.12416595	0.015253547	0.0595	33.0	1263.6034429073334
64	-5.07878	2.4688957	-1.0	-12.0	5.07878	-58.245266	2.948101	-43.933395	-63.881714	260000	2.8610229e-08	0.6088121	-0.015903609	-0.3484851	0.12586145	0.015219816	0.068	79.0	1282.7394618988037
65	-5.056962	2.3282626	-1.0	-11.0	5.056962	-58.889744	2.7566285	-45.20855	-64.49193	264000	2.7179718e-08	0.5980465	-0.013042759	-0.33059806	0.119839795	0.015341237	0.061	37.0	1301.7358038425446
66	-4.911548	2.3317149	-1.0	-11.0	4.911548	-59.159634	2.841165	-45.149895	-64.966515	268000	-3.1471252e-08	0.64769334	-0.01556881	-0.3842455	0.114057474	0.015076917	0.05975	50.0	1321.3034908771515
67	-5.1787567	2.331173	-1.0	-12.0	5.1787567	-59.524277	2.9768074	-45.967518	-65.47607	272000	4.7683715e-09	0.5165868	-0.012245474	-0.30197552	0.112488754	0.015295187	0.05775	29.0	1339.9790279865265
68	-5.089172	2.3239977	-1.0	-12.0	5.089172	-60.221153	2.7483473	-48.712357	-65.97698	276000	6.6757204e-09	0.5650383	-0.009334636	-0.33341002	0.114246204	0.01535271	0.05875	17.0	1358.7136709690094
69	-4.9248767	2.278735	-1.0	-12.0	4.9248767	-60.604645	2.7994196	-48.708706	-66.559456	280000	-6.198883e-09	0.53853977	-0.016093025	-0.28314766	0.11477631	0.01517166	0.0655	66.0	1378.1268627643585
70	-5.034005	2.4101179	-1.0	-12.0	5.034005	-61.08217	2.7432268	-46.972073	-66.820526	284000	-9.536743e-09	0.47368038	-0.01065885	-0.28975293	0.10974324	0.015479437	0.05525	22.0	1398.0775218009949
71	-5.150773	2.4004292	-1.0	-12.0	5.150773	-61.648724	2.6682234	-49.0476	-67.23593	288000	1.2993812e-08	0.46443388	-0.014771261	-0.26590127	0.11149173	0.014823065	0.06875	79.0	1421.1615478992462
72	-5.002503	2.3573163	-1.0	-12.0	5.002503	-62.016445	2.8009202	-48.971012	-67.58833	292000	-1.9073487e-09	0.45447743	-0.016397227	-0.2588957	0.11180676	0.015130859	0.06875	74.0	1443.8036618232727
73	-5.065906	2.3324928	-1.0	-12.0	5.065906	-62.418102	2.7523477	-49.34066	-68.14557	296000	6.6280364e-08	0.47237316	-0.008999764	-0.28523618	0.10109354	0.01535972	0.05325	21.0	1465.9340488910675
74	-5.144144	2.3099182	-1.0	-12.0	5.144144	-62.752983	2.689611	-49.06885	-68.447945	300000	-3.9100648e-08	0.46801192	-0.013037642	-0.26391906	0.10408505	0.015310677	0.053	37.0	1488.1342158317566
75	-4.9750934	2.3310943	-1.0	-12.0	4.9750934	-63.29749	2.6561878	-52.606438	-69.077614	304000	1.6987324e-08	0.4475035	-0.009454747	-0.23988698	0.10097053	0.015241003	0.057	21.0	1511.0250418186188
76	-4.9652176	2.3609207	-1.0	-12.0	4.9652176	-63.619057	2.6740665	-50.338318	-69.33728	308000	-5.4359436e-08	0.42799225	-0.013413888	-0.2684021	0.09693769	0.01266391	0.054	79.0	1533.8249628543854
77	-5.0813212	2.4104798	-1.0	-11.0	5.0813212	-64.15871	2.6892848	-51.20769	-69.71973	312000	8.8214875e-09	0.40982604	-0.01365018	-0.23845713	0.0973394	0.013348972	0.0555	79.0	1556.2544257640839
78	-4.9726367	2.3719437	-1.0	-12.0	4.9726367	-64.58202	2.6202178	-51.761177	-70.038414	316000	3.4570693e-08	0.43941078	-0.014084465	-0.24847971	0.09058327	0.015334623	0.05675	67.0	1579.2870950698853
79	-5.073604	2.3288443	-1.0	-12.0	5.073604	-64.93095	2.6307695	-52.243534	-70.53001	320000	-1.5497207e-08	0.40625346	-0.012784239	-0.23059526	0.094345465	0.015104942	0.0555	65.0	1601.6528277397156
80	-5.152062	2.3589206	-1.0	-12.0	5.152062	-65.20592	2.7012331	-52.55688	-70.76196	324000	-1.9073487e-09	0.43868476	-0.014409717	-0.2451176	0.09819399	0.011082207	0.06075	79.0	1624.1247007846832
81	-5.050505	2.3365724	-1.0	-12.0	5.050505	-65.750694	2.6176937	-54.53066	-71.43909	328000	3.9577483e-08	0.45044523	-0.013951079	-0.2275232	0.10264923	0.012074605	0.05975	79.0	1646.7335238456726
82	-4.878049	2.294693	-1.0	-11.0	4.878049	-65.98533	2.628754	-52.861862	-71.631355	332000	4.529953e-09	0.3971112	-0.013188155	-0.23365487	0.097069144	0.015445756	0.06225	37.0	1669.9852259159088
83	-5.07878	2.4179327	-1.0	-12.0	5.07878	-66.54131	2.5889838	-54.846992	-71.9517	336000	-1.5497208e-09	0.41019133	-0.009816033	-0.23707229	0.096663214	0.015587677	0.05875	27.0	1692.0083117485046
84	-5.051833	2.3848646	-1.0	-12.0	5.051833	-66.988335	2.5626903	-55.05285	-72.38088	340000	-4.673004e-08	0.36295718	-0.01368	-0.19773842	0.096608356	0.009973362	0.05475	79.0	1714.599762916565
85	-4.876679	2.26524	-1.0	-11.0	4.876679	-67.19617	2.5991209	-55.350037	-72.72937	344000	-3.6239623e-08	0.34262878	-0.011788497	-0.18250103	0.092245914	0.015062987	0.052	35.0	1738.0495109558105
86	-5.140103	2.3410194	-1.0	-12.0	5.140103	-67.50081	2.6735845	-55.266243	-73.019325	348000	-7.152557e-09	0.43206677	-0.011059623	-0.26413494	0.094570205	0.015083144	0.0555	37.0	1760.1076018810272
87	-5.080051	2.3117723	-1.0	-12.0	5.080051	-68.04984	2.563999	-56.942677	-73.755035	352000	3.671646e-08	0.4098851	-0.012291943	-0.2243804	0.10071306	0.015066271	0.0525	35.0	1782.3818259239197
88	-4.937037	2.287321	-1.0	-12.0	4.937037	-68.22485	2.6138961	-57.768574	-74.18441	356000	-3.8146974e-09	0.32769844	-0.013507921	-0.18033163	0.09427869	0.013851644	0.05875	79.0	1805.5237197875977
89	-4.9382715	2.4330323	-1.0	-12.0	4.9382715	-68.77487	2.5347738	-56.14766	-74.101265	360000	-1.1920929e-08	0.40398085	-0.014522981	-0.23852274	0.09130706	0.013545199	0.05475	79.0	1828.5805268287659
90	-5.0931125	2.3458068	-1.0	-12.0	5.0931125	-69.12141	2.5387866	-58.61893	-74.67128	364000	1.835823e-08	0.3717406	-0.009228606	-0.20982449	0.09052454	0.015350421	0.04975	21.0	1850.988998889923
91	-4.895961	2.324937	-1.0	-12.0	4.895961	-69.46173	2.554808	-58.59536	-75.1612	368000	-5.7935715e-08	0.30384272	-0.011948095	-0.1548288	0.09111097	0.0152250985	0.054	74.0	1874.0922586917877
92	-5.0238996	2.2958934	-1.0	-12.0	5.0238996	-69.62148	2.634985	-58.287407	-75.395164	372000	-7.05719e-08	0.34107265	-0.0130381	-0.18971597	0.08544699	0.008250792	0.05175	79.0	1896.757917881012
93	-5.051833	2.2979338	-1.0	-12.0	5.051833	-70.09845	2.458459	-59.80262	-75.92258	376000	-3.242493e-08	0.3368407	-0.012852615	-0.1829745	0.08827283	0.011891987	0.05325	79.0	1919.5354039669037
94	-4.911548	2.2838047	-1.0	-12.0	4.911548	-70.449875	2.5235333	-61.072544	-76.317604	380000	8.5830685e-09	0.32397437	-0.011812328	-0.17858815	0.09190655	0.015082443	0.053	35.0	1942.2103278636932
95	-4.9850373	2.3828723	-1.0	-12.0	4.9850373	-70.70045	2.4563072	-58.919533	-76.14545	384000	-4.529953e-08	0.32242072	-0.009647539	-0.18481143	0.08601104	0.015336024	0.055	22.0	1964.7518270015717
96	-5.1548386	2.386905	-1.0	-11.0	5.1548386	-71.23601	2.3875904	-60.715233	-76.638756	388000	2.8848648e-08	0.3459325	-0.015877124	-0.19185598	0.09670773	0.015396748	0.0695	77.0	1987.3183197975159
97	-4.9174876	2.3877437	-1.0	-12.0	4.9174876	-71.520424	2.4625895	-61.11322	-77.30743	392000	2.2411346e-08	0.3341269	-0.009749147	-0.18298946	0.08168442	0.015013905	0.0455	23.0	2009.9695239067078
98	-5.006258	2.2522326	-1.0	-12.0	5.006258	-71.72539	2.563834	-61.33829	-77.3263	396000	3.9696694e-08	0.3217018	-0.010696532	-0.19103023	0.090057455	0.015068496	0.05125	43.0	2033.7692198753357
99	-5.124359	2.2895908	-1.0	-12.0	5.124359	-71.926155	2.4753973	-60.964832	-77.5359	400000	-5.7697296e-08	0.3440228	-0.010883225	-0.19508511	0.08884278	0.01512076	0.0515	59.0	2056.8189339637756
100	-4.9297166	2.3242128	-1.0	-12.0	4.9297166	-72.42487	2.4498336	-60.32208	-78.291954	404000	-6.1273575e-08	0.35152504	-0.011962279	-0.19291416	0.092415296	0.015067429	0.0535	62.0	2080.40323472023
101	-4.959057	2.3283901	-1.0	-12.0	4.959057	-72.60945	2.4452171	-61.3326	-78.27465	408000	-5.1021576e-08	0.31120616	-0.015044862	-0.18052271	0.088358976	0.015029494	0.0595	77.0	2103.3778088092804
102	-5.0607595	2.401762	-1.0	-11.0	5.0607595	-73.10059	2.3870387	-62.87462	-78.45317	412000	-2.4318695e-08	0.32608962	-0.013136555	-0.17906697	0.08320272	0.015112132	0.05725	64.0	2125.9708847999573
103	-4.9261084	2.322933	-1.0	-12.0	4.9261084	-73.355225	2.3944044	-63.243916	-79.23204	416000	-9.536744e-10	0.28729934	-0.011194562	-0.15879583	0.077208295	0.015207275	0.05175	47.0	2148.856062889099
104	-5.027673	2.2790792	-1.0	-12.0	5.027673	-73.58203	2.4399111	-63.87683	-79.17907	420000	1.1920929e-08	0.27180934	-0.012018272	-0.1426817	0.085586995	0.012691747	0.05425	79.0	2171.501098871231
105	-5.1335044	2.3114705	-1.0	-12.0	5.1335044	-73.78527	2.420696	-63.517258	-79.425575	424000	8.34465e-09	0.2976336	-0.011642966	-0.1544012	0.08222332	0.012585438	0.0495	79.0	2193.889608860016
106	-5.0289307	2.3084028	-1.0	-12.0	5.0289307	-74.203705	2.4294596	-62.78338	-80.111946	428000	-3.671646e-08	0.27687016	-0.011844027	-0.14843011	0.08606921	0.015002911	0.0545	59.0	2216.301558971405
107	-4.8922887	2.2996252	-1.0	-11.0	4.8922887	-74.37459	2.3167517	-64.92079	-80.28963	432000	5.6266785e-08	0.24522656	-0.012736596	-0.1394419	0.08955332	0.014674336	0.058	79.0	2239.647817850113
108	-5.065906	2.3925774	-1.0	-12.0	5.065906	-74.77879	2.3728306	-63.999577	-80.00412	436000	2.0503998e-08	0.27342492	-0.011990657	-0.14826068	0.08681163	0.015441505	0.0615	27.0	2261.802519798279
109	-5.05689	2.3602374	-1.0	-12.0	5.05689	-75.093315	2.2838452	-64.99491	-80.93599	440000	1.525879e-08	0.29928008	-0.00574837	-0.17534676	0.07798742	0.015232199	0.0395	10.0	2283.8718588352203
110	-4.860267	2.2727	-1.0	-11.0	4.860267	-75.20336	2.3682218	-65.911255	-80.89931	444000	-2.026558e-08	0.23385166	-0.013708709	-0.12912177	0.08025016	0.014872283	0.055	79.0	2307.2910809516907
111	-5.2193213	2.3385615	-1.0	-12.0	5.2193213	-75.50979	2.367497	-65.04032	-81.227875	448000	-1.4305114e-08	0.29822743	-0.010178578	-0.17039563	0.084169336	0.01527325	0.05425	33.0	2329.2120628356934
112	-5.0697083	2.3162966	-1.0	-12.0	5.0697083	-75.80306	2.3279405	-67.33088	-81.43039	452000	5.9604646e-09	0.25213087	-0.010511135	-0.13118526	0.08356346	0.015064765	0.05075	28.0	2351.7281007766724
113	-4.997497	2.2987168	-1.0	-12.0	4.997497	-76.06452	2.353224	-66.777534	-82.04434	456000	-7.1525574e-10	0.23972158	-0.00905049	-0.12435053	0.08058983	0.01512067	0.05225	20.0	2374.531215906143
114	-4.959057	2.393034	-1.0	-12.0	4.959057	-76.38392	2.2494366	-66.38354	-81.83125	460000	1.4781952e-08	0.23280957	-0.009870301	-0.13082694	0.08271883	0.015072563	0.05575	24.0	2397.045026063919
115	-5.121639	2.3916855	-1.0	-12.0	5.121639	-76.676125	2.22842	-65.934975	-81.91116	464000	-2.1457671e-09	0.24385932	-0.0072040823	-0.12865236	0.08010123	0.015446383	0.0455	13.0	2418.9565467834473
116	-4.9079757	2.3319857	-1.0	-11.0	4.9079757	-76.800964	2.2915256	-67.303856	-82.79197	468000	-1.3232231e-08	0.23568171	-0.012596587	-0.12143844	0.07387046	0.015399614	0.052	46.0	2441.61337685585
117	-5.071066	2.2871358	-1.0	-12.0	5.071066	-77.04595	2.3252566	-67.08394	-82.76424	472000	-3.7312507e-08	0.2316638	-0.008518157	-0.1278443	0.07670896	0.015024793	0.0395	17.0	2463.7338659763336
118	-5.1533504	2.298798	-1.0	-12.0	5.1533504	-77.30538	2.1994603	-68.890785	-82.91418	476000	1.9431114e-08	0.23334388	-0.01213316	-0.12345598	0.082085304	0.01181237	0.05275	79.0	2486.291016817093
119	-4.915129	2.2366576	-1.0	-12.0	4.915129	-77.56884	2.2965922	-67.882355	-83.57991	480000	-1.3828277e-08	0.22118714	-0.012796171	-0.112099804	0.08135284	0.015268194	0.0565	50.0	2509.276422739029
120	-5.0	2.3685439	-1.0	-12.0	5.0	-77.78481	2.1858795	-68.99502	-83.42248	484000	6.198883e-09	0.22264892	-0.013335662	-0.1261082	0.08231601	0.015080865	0.0595	60.0	2532.1062400341034
121	-5.1203585	2.3721297	-1.0	-12.0	5.1203585	-78.15697	2.1341608	-69.23255	-83.49792	488000	4.5776368e-08	0.20009455	-0.011923082	-0.10379191	0.082412444	0.015172938	0.0555	42.0	2554.475618839264
122	-4.918819	2.323907	-1.0	-12.0	4.918819	-78.31061	2.1918235	-69.72846	-84.12849	492000	1.5974045e-08	0.23544857	-0.013793944	-0.122784674	0.07405305	0.0128058335	0.05575	79.0	2577.491938829422
123	-5.0	2.2461078	-1.0	-12.0	5.0	-78.52927	2.2358868	-69.508835	-84.17311	496000	1.5497207e-08	0.19791065	-0.01237845	-0.10697248	0.0777244	0.015076487	0.057	57.0	2600.030487060547
124	-5.1746445	2.3023198	-1.0	-12.0	5.1746445	-78.61744	2.1728673	-70.01701	-84.2054	500000	3.2901763e-08	0.23375227	-0.010883602	-0.12520742	0.08172071	0.01503258	0.0605	22.0	2622.48615694046
125	-5.026415	2.314419	-1.0	-12.0	5.026415	-79.05696	2.1737175	-69.02531	-84.94319	504000	4.2796135e-08	0.2053514	-0.012893885	-0.10406017	0.08348516	0.015308335	0.0585	60.0	2645.0420048236847
126	-4.952912	2.3142815	-1.0	-11.0	4.952912	-79.131096	2.0730145	-71.399216	-84.775536	508000	5.1498414e-08	0.21109784	-0.015408249	-0.11979739	0.08624042	0.015104712	0.0605	63.0	2668.0932610034943
127	-5.116517	2.4238455	-1.0	-12.0	5.116517	-79.44911	2.0944147	-71.215485	-84.70682	512000	0.0	0.2119177	-0.012821431	-0.11571929	0.08833739	0.015047746	0.06025	37.0	2690.234526872635
128	-5.0138016	2.339677	-1.0	-12.0	5.0138016	-79.74225	2.0353482	-71.65331	-85.366196	516000	-5.722046e-09	0.19273959	-0.013640276	-0.1014506	0.07635686	0.013804925	0.0545	79.0	2712.890120983124
129	-4.9430695	2.294899	-1.0	-11.0	4.9430695	-79.792305	2.1209502	-71.32239	-85.37645	520000	-1.0490417e-08	0.18865514	-0.011747997	-0.10148499	0.07438722	0.013634191	0.05075	79.0	2735.687602996826
130	-5.192208	2.3258998	-1.0	-12.0	5.192208	-80.02713	2.116816	-71.62358	-85.45681	524000	1.4781952e-08	0.19375871	-0.010868627	-0.087724596	0.07847502	0.015065227	0.057	39.0	2757.8738679885864
131	-5.1047254	2.2903574	-1.0	-12.0	5.1047254	-80.32133	2.0266578	-71.72521	-85.85727	528000	1.4305114e-08	0.17228423	-0.007691924	-0.092917636	0.08509831	0.015071926	0.05275	15.0	2779.924885034561
132	-4.858881	2.2403157	-1.0	-12.0	4.858881	-80.41392	2.0750284	-72.204475	-86.193665	532000	3.0994414e-08	0.1612844	-0.00987779	-0.08213353	0.086767666	0.015992459	0.05925	25.0	2802.904940843582
133	-5.076336	2.4111226	-1.0	-12.0	5.076336	-80.699326	2.0403147	-73.23029	-85.89	536000	3.385544e-08	0.16959323	-0.011014544	-0.0902601	0.09002362	0.015333336	0.05725	35.0	2825.300318002701
134	-5.0723352	2.3416545	-1.0	-12.0	5.0723352	-80.93942	1.9288448	-73.22007	-86.22237	540000	2.3841857e-09	0.18477508	-0.012673566	-0.09908795	0.077803485	0.015127994	0.05475	53.0	2847.669452905655
135	-4.9127765	2.3256943	-1.0	-11.0	4.9127765	-81.04992	2.0140111	-73.02407	-86.81884	544000	-2.0503998e-08	0.20205683	-0.012424726	-0.10752579	0.077452034	0.01178092	0.04925	79.0	2870.770452976227
136	-5.152062	2.2834165	-1.0	-12.0	5.152062	-81.232315	2.0575676	-73.163666	-86.70075	548000	-1.7166137e-08	0.19361831	-0.010052657	-0.11032974	0.075834975	0.015040756	0.05	21.0	2892.6161489486694
137	-5.102041	2.2940242	-1.0	-12.0	5.102041	-81.47845	1.9230889	-74.204475	-87.091835	552000	-1.192093e-10	0.16514896	-0.012126305	-0.08737964	0.084159546	0.015086505	0.06	48.0	2914.9078929424286
138	-4.8922887	2.2216585	-1.0	-12.0	4.8922887	-81.70016	2.0323699	-73.8419	-87.249374	556000	-2.2411346e-08	0.14866768	-0.010321115	-0.068252966	0.083609544	0.015041284	0.0565	31.0	2937.9424488544464
139	-5.026415	2.39508	-1.0	-12.0	5.026415	-81.80567	1.907472	-74.151245	-87.27469	560000	-9.536744e-10	0.16619502	-0.010017715	-0.08650715	0.08051579	0.015317714	0.0535	21.0	2960.3278510570526
140	-5.16129	2.3464012	-1.0	-12.0	5.16129	-82.09042	1.8740364	-74.90009	-87.36351	564000	8.8214875e-09	0.15767857	-0.009860234	-0.08421606	0.0750681	0.015607668	0.05275	25.0	2982.3999559879303
141	-4.9937577	2.3615122	-1.0	-12.0	4.9937577	-82.3242	1.922214	-74.53653	-87.89055	568000	1.9073486e-08	0.17217268	-0.010724787	-0.08496051	0.07613694	0.015382774	0.05125	29.0	3004.8468358516693
142	-4.9925094	2.239124	-1.0	-12.0	4.9925094	-82.457245	1.9757193	-75.54862	-87.73683	572000	3.051758e-08	0.2001152	-0.010183229	-0.098759934	0.073803276	0.015255829	0.05225	65.0	3027.667056798935
143	-5.1388173	2.2518225	-1.0	-12.0	5.1388173	-82.5307	1.8417242	-74.82032	-87.75491	576000	-2.8133393e-08	0.1660405	-0.0115253795	-0.09465152	0.07789909	0.015105946	0.05425	46.0	3049.8701827526093
144	-4.9418316	2.2772732	-1.0	-12.0	4.9418316	-82.854	1.8765566	-75.17647	-88.241104	580000	-3.3378602e-09	0.14038931	-0.0130100865	-0.062293	0.07944864	0.015148523	0.063	52.0	3072.734301805496
145	-4.9540944	2.3208253	-1.0	-12.0	4.9540944	-82.929985	1.816847	-75.93452	-88.15308	584000	-8.34465e-09	0.13163365	-0.011826219	-0.066714145	0.08010596	0.015271515	0.06075	33.0	3095.2614278793335
146	-5.095663	2.3914776	-1.0	-11.0	5.095663	-83.17369	1.8575476	-76.502304	-88.114044	588000	-2.3841857e-09	0.14592747	-0.00836139	-0.07546229	0.07725881	0.015510395	0.04625	15.0	3117.39790391922
147	-4.932099	2.3310215	-1.0	-12.0	4.932099	-83.40637	1.8198398	-76.16546	-88.76896	592000	5.1259996e-09	0.13823582	-0.013150502	-0.07217559	0.07610277	0.015138832	0.0625	58.0	3140.1425879001617
148	-5.037783	2.2847831	-1.0	-14.0	5.037783	-83.55745	1.8550625	-76.48676	-88.617355	596000	3.2067298e-08	0.14842078	-0.011953092	-0.07559841	0.07432817	0.01411681	0.05225	79.0	3162.9012508392334
149	-5.1282053	2.2744906	-1.0	-12.0	5.1282053	-83.61449	1.8112104	-76.325356	-88.753136	600000	-1.9550324e-08	0.14759912	-0.0111871725	-0.07670242	0.0748936	0.015190758	0.05025	51.0	3185.493674993515
150	-5.0150566	2.2878819	-1.0	-12.0	5.0150566	-83.93792	1.8084432	-76.4874	-89.15579	604000	1.1444092e-08	0.1355402	-0.012058103	-0.069679685	0.07658293	0.013241811	0.0545	79.0	3208.4420478343964
151	-4.8910646	2.263354	-1.0	-11.0	4.8910646	-83.96537	1.7449026	-77.121796	-89.46701	608000	1.3351441e-08	0.114167534	-0.010014423	-0.055490296	0.07559758	0.0151598705	0.0515	21.0	3231.1770119667053
152	-5.1086955	2.3977187	-1.0	-12.0	5.1086955	-84.20362	1.8164126	-77.62545	-89.052505	612000	-1.7881394e-08	0.1429256	-0.012947183	-0.08092132	0.07620267	0.015109762	0.06	78.0	3254.3286888599396
153	-5.0314465	2.3606346	-1.0	-12.0	5.0314465	-84.45652	1.726298	-77.538475	-89.55462	616000	-1.6450882e-08	0.12828358	-0.008372554	-0.065407164	0.07007434	0.015422476	0.04475	18.0	3276.582690000534
154	-4.870889	2.2386034	-1.0	-11.0	4.870889	-84.53544	1.7669958	-77.96744	-89.909134	620000	6.6757204e-09	0.119486816	-0.01087189	-0.06489	0.067616805	0.015105778	0.04925	64.0	3299.8034558296204
155	-5.1335044	2.2919505	-1.0	-12.0	5.1335044	-84.672195	1.7834898	-77.51335	-89.593864	624000	-9.536744e-10	0.119182415	-0.011458894	-0.06147027	0.06889295	0.015036886	0.0565	73.0	3322.1655197143555
156	-5.080051	2.278555	-1.0	-12.0	5.080051	-84.9125	1.6597667	-78.88832	-89.90378	628000	-9.059906e-09	0.120471194	-0.009162519	-0.0649685	0.0805413	0.015457416	0.044	15.0	3344.234883785248
157	-4.9652176	2.263682	-1.0	-12.0	4.9652176	-85.01302	1.728196	-76.95286	-90.18094	632000	-8.5830685e-09	0.09979712	-0.008552791	-0.051095665	0.07225322	0.015254993	0.04975	15.0	3366.799512863159
158	-4.9553905	2.4015675	-1.0	-12.0	4.9553905	-85.200836	1.6987108	-78.65443	-89.91223	636000	6.8545343e-09	0.10983562	-0.009644309	-0.05985513	0.074255906	0.01521235	0.046	27.0	3389.2310647964478
159	-5.080051	2.352094	-1.0	-12.0	5.080051	-85.415665	1.6244727	-78.96945	-90.46185	640000	-8.34465e-09	0.10320375	-0.012653066	-0.052524507	0.069202654	0.015143677	0.05175	60.0	3411.5755038261414
160	-4.9103193	2.3213708	-1.0	-12.0	4.9103193	-85.56381	1.7365636	-78.95949	-90.733536	644000	1.0251999e-08	0.09846951	-0.012228288	-0.051350005	0.06996517	0.013535351	0.0565	79.0	3434.9287967681885
161	-5.0327454	2.2826552	-1.0	-12.0	5.0327454	-85.6612	1.7476875	-78.57358	-90.35829	648000	-1.5974045e-08	0.10433342	-0.009775199	-0.05544485	0.06506311	0.015039709	0.04325	33.0	3457.3354268074036
162	-5.0955415	2.25954	-1.0	-12.0	5.0955415	-85.858826	1.5898603	-79.11232	-90.69667	652000	-3.004074e-08	0.09988872	-0.009328223	-0.051076643	0.072485924	0.015239965	0.05475	32.0	3479.5280508995056
163	-4.87561	2.215608	-1.0	-12.0	4.87561	-86.00137	1.6835841	-79.09924	-90.91354	656000	6.175041e-08	0.095015824	-0.0062691737	-0.047395848	0.07605518	0.016376045	0.04025	8.0	3502.160920858383
164	-4.968944	2.3675401	-1.0	-12.0	4.968944	-86.070175	1.6343685	-79.67499	-90.92914	660000	2.3841858e-08	0.09687935	-0.009780107	-0.051420286	0.07101411	0.015317521	0.05025	21.0	3524.842572927475
165	-5.0969386	2.3627188	-1.0	-12.0	5.0969386	-86.40451	1.5357649	-80.11337	-91.13771	664000	1.7523766e-08	0.08428661	-0.013320374	-0.038773637	0.07917607	0.015025783	0.0615	46.0	3547.2885298728943
166	-4.9236455	2.348164	-1.0	-12.0	4.9236455	-86.48451	1.6388724	-79.77063	-91.54549	668000	-9.536743e-09	0.092739716	-0.011024336	-0.047472686	0.06932165	0.015003014	0.051	46.0	3570.084131717682
167	-5.0050125	2.2293272	-1.0	-12.0	5.0050125	-86.63031	1.6718994	-79.31134	-91.50563	672000	-4.386902e-08	0.08748828	-0.0115853455	-0.04518492	0.06834777	0.015152817	0.05175	58.0	3592.83495593071
168	-5.102041	2.2297378	-1.0	-12.0	5.102041	-86.67095	1.55723	-79.9462	-91.18817	676000	-3.9219856e-08	0.096908204	-0.01132831	-0.048757583	0.07525044	0.012884112	0.05025	79.0	3615.2887098789215
169	-4.897059	2.2636712	-1.0	-11.0	4.897059	-86.88836	1.5449504	-81.18751	-91.551865	680000	-2.002716e-08	0.07979526	-0.008377192	-0.036778305	0.076275356	0.015429644	0.04975	22.0	3637.839963912964
170	-4.951673	2.308627	-1.0	-12.0	4.951673	-86.93339	1.5234871	-80.70385	-91.65949	684000	-3.7312507e-08	0.07919191	-0.012275984	-0.041053876	0.07509057	0.010463663	0.055	79.0	3661.276496887207
171	-5.051833	2.4033465	-1.0	-11.0	5.051833	-87.20222	1.5391363	-81.330055	-91.663826	688000	9.298325e-09	0.081572585	-0.010022092	-0.038269956	0.07789544	0.01512704	0.05575	17.0	3683.622594833374
172	-4.9055214	2.3086195	-1.0	-12.0	4.9055214	-87.35466	1.5145658	-81.092636	-92.1851	692000	1.525879e-08	0.07854141	-0.0125569	-0.03956104	0.07246891	0.0150878485	0.0575	78.0	3706.8156757354736
173	-5.0175657	2.2647133	-1.0	-12.0	5.0175657	-87.47386	1.5659246	-81.45367	-92.11019	696000	-1.692772e-08	0.08483424	-0.009792481	-0.046949565	0.07159889	0.015538814	0.04425	30.0	3729.1647617816925
174	-5.1060023	2.2540448	-1.0	-12.0	5.1060023	-87.50163	1.504946	-80.80893	-92.04309	700000	1.0967255e-08	0.09775195	-0.010323825	-0.052666817	0.07191245	0.015056907	0.05275	43.0	3751.6286149024963
175	-4.98005	2.2697403	-1.0	-11.0	4.98005	-87.69141	1.4464219	-81.98102	-92.37874	704000	3.4332274e-08	0.077456735	-0.008267921	-0.03715266	0.0779229	0.015487903	0.04525	24.0	3774.0788168907166
176	-4.830918	2.2619324	-1.0	-11.0	4.830918	-87.73439	1.4437209	-81.99561	-92.43679	708000	-6.2465666e-08	0.07457144	-0.00986901	-0.039639074	0.07737217	0.015609619	0.04675	23.0	3797.0143806934357
177	-5.04798	2.3937461	-1.0	-12.0	5.04798	-87.964485	1.4703295	-82.48345	-92.16653	712000	3.409386e-08	0.074578114	-0.009599206	-0.035305973	0.078032136	0.015093028	0.059	22.0	3820.808842897415
178	-4.944307	2.2870963	-1.0	-12.0	4.944307	-88.11932	1.4157816	-82.066124	-92.83495	716000	2.7298928e-08	0.06694694	-0.011022136	-0.032688413	0.074828155	0.0133913625	0.05925	79.0	3841.680367708206
179	-4.8448486	2.235835	-1.0	-11.0	4.8448486	-88.192345	1.47871	-82.31675	-92.476234	720000	-2.9087067e-08	0.07317867	-0.0067526703	-0.040003877	0.06795898	0.015341825	0.0415	15.0	3862.7451798915863
