Epoch	AverageEpRet	StdEpRet	MaxEpRet	MinEpRet	EpLen	AverageVVals	StdVVals	MaxVVals	MinVVals	TotalEnvInteracts	LossPi	LossV	DeltaLossPi	DeltaLossV	Entropy	KL	ClipFrac	StopIter	Time
0	-35.4375	11.206489	-13.0	-61.0	35.4375	-0.12572703	0.17460014	0.58039904	-0.7122805	4000	5.6266785e-08	410.0848	-0.12550986	-236.60268	nan	0.015079955	0.508	14.0	25.192891836166382
1	-35.783783	11.494146	-12.0	-73.0	35.783783	-9.367662	0.6521844	8.902278	-9.40508	8000	-5.4836273e-09	348.30432	-0.12490525	-154.01657	nan	0.015057367	0.4925	20.0	48.070738792419434
2	-35.92793	10.611665	-11.0	-63.0	35.92793	-15.253697	0.7593738	12.444046	-15.2834015	12000	1.6146899e-07	297.90845	-0.12870845	-130.17613	nan	0.01562422	0.532	22.0	70.7857928276062
3	-37.339622	10.46818	-14.0	-72.0	37.339622	-20.5493	1.2225624	19.302006	-20.613798	16000	1.7404556e-08	275.34494	-0.119479254	-121.027115	nan	0.015233898	0.47625	19.0	93.10212182998657
4	-38.46154	11.242025	-10.0	-79.0	38.46154	-25.667864	1.0878768	16.64375	-25.7098	20000	1.5330315e-07	256.74966	-0.12615794	-113.710495	nan	0.016504977	0.522	21.0	114.81271696090698
5	-37.857143	11.805106	-12.0	-77.0	37.857143	-30.631666	1.1943926	12.749151	-30.681568	24000	8.058548e-08	222.06638	-0.11971706	-99.04632	nan	0.016013108	0.4905	19.0	137.18328380584717
6	-36.59633	11.354279	-12.0	-91.0	36.59633	-35.25565	2.1334386	33.941715	-35.357143	28000	7.7009204e-08	187.62047	-0.11794179	-87.28684	nan	0.015996324	0.5415	24.0	160.66324400901794
7	-36.522934	11.314193	-12.0	-67.0	36.522934	-39.61041	1.7062182	32.44848	-39.69626	32000	-8.1539156e-08	160.5524	-0.124798834	-75.73318	nan	0.016145749	0.57275	24.0	187.03879070281982
8	-35.864864	11.295767	-15.0	-71.0	35.864864	-43.817005	0.6685493	-8.670545	-43.841953	36000	-1.039505e-07	133.4884	-0.10501971	-62.49276	nan	0.015135727	0.36075	13.0	210.66990780830383
9	-35.945946	11.112721	-11.0	-64.0	35.945946	-47.705868	1.5650582	20.968496	-47.758213	40000	5.8174134e-08	117.13816	-0.114183426	-57.67471	nan	0.015924245	0.51325	21.0	233.21004796028137
10	-37.45283	12.770937	-9.0	-74.0	37.45283	-51.378876	2.8396137	44.04526	-51.488995	44000	1.17301944e-07	115.90957	-0.10138057	-58.268307	nan	0.015505992	0.5135	22.0	255.58989000320435
11	-36.859814	11.393103	-15.0	-75.0	36.859814	-55.14686	0.6982466	-19.645754	-55.17738	48000	-4.0769578e-08	89.513466	-0.11968516	-44.919918	nan	0.016389633	0.48425	18.0	277.6832540035248
12	-37.196262	10.179179	-15.0	-65.0	37.196262	-58.61774	0.9779674	-4.2999835	-58.65607	52000	3.6358834e-08	74.15664	-0.10703731	-38.427937	nan	0.015399558	0.4335	16.0	299.5920000076294
13	-37.168224	11.595589	-14.0	-61.0	37.168224	-61.880997	0.27168933	-52.68643	-61.897186	56000	4.315376e-08	64.72583	-0.1056853	-33.723423	nan	0.015604252	0.376	13.0	321.3463988304138
14	-38.980392	13.138015	-15.0	-76.0	38.980392	-65.03282	0.42663363	-39.17153	-65.0447	60000	6.818772e-08	60.681213	-0.1095173	-31.99355	nan	0.015291809	0.39775	14.0	342.4520728588104
15	-36.172726	10.59662	-10.0	-66.0	36.172726	-68.158875	0.15948185	-59.989174	-68.164185	64000	-7.6293944e-08	42.258068	-0.10849808	-23.032469	nan	0.015361786	0.4005	14.0	364.48560094833374
16	-36.19091	11.698869	-8.0	-69.0	36.19091	-70.83011	2.1750453	34.917416	-70.88158	68000	-6.341934e-08	41.60948	-0.07780749	-25.124191	nan	0.015785756	0.4675	22.0	387.00733375549316
17	-37.252335	11.613796	-13.0	-62.0	37.252335	-73.45238	0.45256314	-44.944138	-73.462265	72000	-7.152558e-08	31.709887	-0.11383939	-17.905819	nan	0.016316425	0.42325	15.0	408.8153667449951
18	-34.37931	11.354519	-10.0	-71.0	34.37931	-75.91986	0.2926132	-61.158035	-75.93186	76000	6.7472456e-08	23.665773	-0.101895824	-12.642408	nan	0.015070579	0.39925	15.0	431.7960367202759
19	-34.95614	10.330834	-14.0	-69.0	34.95614	-77.87908	4.160632	50.7115	-78.065834	80000	4.7683717e-08	38.37185	-0.052795727	-30.407038	nan	0.015026484	0.687	78.0	457.5662467479706
20	-34.094017	10.777456	-10.0	-62.0	34.094017	-80.04906	1.9166853	25.20124	-80.10765	84000	1.1920929e-07	19.279293	-0.062139004	-12.993872	nan	0.015687328	0.3995	19.0	481.0295286178589
21	-34.25	10.842823	-5.0	-67.0	34.25	-81.97573	0.17031386	-74.53057	-81.9845	88000	-5.4836274e-08	12.689188	-0.105299264	-7.7003336	nan	0.016466487	0.404	12.0	503.8197617530823
22	-35.25	11.193509	-6.0	-65.0	35.25	-83.72533	0.55155516	-60.127567	-83.74623	92000	-4.7922136e-08	11.322936	-0.08363952	-7.12542	nan	0.015169575	0.3065	10.0	526.6008548736572
23	-35.38393	11.634498	-12.0	-68.0	35.38393	-85.40209	0.63613117	-62.730175	-85.429886	96000	6.2465666e-08	10.624205	-0.058118172	-5.001517	nan	0.01585961	0.21325	10.0	548.9580087661743
24	-33.57143	10.742652	-11.0	-60.0	33.57143	-86.85273	1.0045509	-37.269897	-86.88249	100000	-3.8146972e-08	7.6563873	-0.07764355	-5.2279305	nan	0.015476412	0.507	24.0	572.6687936782837
25	-35.035088	11.4538965	-13.0	-66.0	35.035088	-88.195595	1.6283363	-19.195774	-88.25362	104000	-3.9100648e-08	8.535455	-0.058123775	-6.463472	nan	0.015162441	0.57475	37.0	596.153618812561
26	-34.456898	10.843235	-11.0	-65.0	34.456898	-89.546234	0.7435805	-55.4736	-89.57334	108000	3.6478042e-08	4.93672	-0.07147619	-3.4379811	nan	0.015713293	0.38975	16.0	618.8873248100281
27	-35.115044	12.229916	-13.0	-71.0	35.115044	-90.60298	4.165679	82.699425	-90.75465	112000	3.4332274e-08	21.419727	-0.026550416	-20.128942	nan	-0.0007151315	0.526	79.0	644.3954479694366
28	-35.91892	11.50647	-11.0	-66.0	35.91892	-91.77781	1.7322532	-33.721596	-91.854675	116000	3.7789345e-08	6.036513	-0.047846317	-5.0707235	nan	0.015129064	0.658	63.0	668.7467288970947
29	-34.95614	11.154725	-11.0	-65.0	34.95614	-92.84628	0.33172032	-77.22519	-92.862434	120000	1.1587143e-07	2.202355	-0.086259745	-1.5321653	nan	0.015066983	0.382	12.0	691.0889730453491
30	-34.05128	10.882312	-14.0	-60.0	34.05128	-93.72926	0.3536672	-75.631256	-93.74497	124000	-2.5272369e-08	1.6526779	-0.06081636	-1.1196127	nan	0.015106703	0.22825	8.0	713.7807168960571
31	-36.28182	11.823807	-13.0	-80.0	36.28182	-94.49697	0.09633318	-89.81221	-94.501915	128000	-4.4941903e-08	1.3265501	-0.09415998	-0.91151106	nan	0.015303965	0.3265	9.0	735.7640058994293
32	-35.15929	11.91011	-12.0	-67.0	35.15929	-95.228775	0.10951131	-90.68283	-95.23477	132000	1.7642975e-07	0.96946424	-0.1055438	-0.67414224	nan	0.017030949	0.4385	12.0	758.2432289123535
33	-35.464287	11.06388	-13.0	-62.0	35.464287	-95.82891	1.6579409	3.476557	-95.87414	136000	-2.6226044e-09	4.3682523	-0.020729711	-3.0975919	nan	0.015803542	0.23	21.0	781.3647117614746
34	-35.150444	11.466166	-9.0	-64.0	35.150444	-96.36225	0.18352239	-87.98092	-96.36986	140000	-4.518032e-08	0.5835318	-0.08355267	-0.42327827	nan	0.016295407	0.3985	13.0	803.8337290287018
35	-35.20354	10.484003	-17.0	-66.0	35.20354	-96.851494	0.7793233	-58.98706	-96.87093	144000	2.2411346e-08	1.0309548	-0.03352389	-0.8975904	nan	0.015140423	0.5225	47.0	827.9354159832001
36	-36.154545	10.279888	-16.0	-67.0	36.154545	-97.27884	0.6930838	-70.1604	-97.3105	148000	-1.3113022e-08	0.8765211	-0.03914721	-0.666833	nan	0.015497446	0.46775	39.0	851.0608367919922
37	-35.792793	11.999337	-11.0	-73.0	35.792793	-97.65734	0.73262304	-51.425972	-97.6719	152000	2.503395e-08	0.7756913	-0.028398143	-0.68575555	nan	0.015232184	0.55325	57.0	875.363315820694
38	-34.21552	12.253645	-11.0	-71.0	34.21552	-97.994804	0.7952507	-62.87473	-98.023994	156000	-8.106232e-09	0.8104394	-0.027139338	-0.759435	nan	0.002626202	0.5875	79.0	900.9859230518341
39	-35.18584	10.777351	-10.0	-62.0	35.18584	-98.31004	0.30245483	-85.651054	-98.32082	160000	5.00679e-09	0.21270733	-0.042756982	-0.18085775	nan	0.015371321	0.4515	23.0	923.7476847171783
40	-33.325	9.814243	-10.0	-55.0	33.325	-98.53421	2.0775	29.86859	-98.574356	164000	-9.536744e-10	4.411622	-0.009388608	-4.3545094	nan	-0.016860416	0.30425	79.0	950.3019347190857
41	-34.076923	10.674	-9.0	-61.0	34.076923	-98.775665	0.7105931	-53.873898	-98.78848	168000	-1.525879e-08	0.56711644	-0.016346991	-0.5303071	nan	0.0151503375	0.45625	59.0	975.229898929596
42	-34.773914	11.186218	-9.0	-72.0	34.773914	-98.95443	0.79413325	-51.60989	-98.97311	172000	-3.8146974e-09	0.68179244	-0.015904773	-0.6683236	nan	0.002302112	0.506	79.0	1000.8715219497681
43	-32.26829	11.095354	-9.0	-62.0	32.26829	-99.13187	0.103648	-92.61468	-99.13416	176000	-8.8214875e-09	0.03871045	-0.04643633	-0.030849773	nan	0.016012264	0.36875	13.0	1024.5204918384552
44	-35.150444	12.685593	-12.0	-72.0	35.150444	-99.26245	0.12755832	-91.72204	-99.26633	180000	-4.7683715e-09	0.040571965	-0.043344196	-0.033895884	nan	0.015408614	0.49075	23.0	1047.305163860321
45	-34.405174	10.231778	-11.0	-67.0	34.405174	-99.386185	0.095312744	-93.499214	-99.38875	184000	-5.4359436e-08	0.023761995	-0.042069938	-0.017983614	nan	0.015281044	0.422	17.0	1069.9646618366241
46	-36.694443	12.433125	-11.0	-68.0	36.694443	-99.48576	0.048079535	-96.67348	-99.487686	188000	-8.1539156e-08	0.014340223	-0.05589223	-0.0109099	nan	0.017490486	0.32925	10.0	1091.6404929161072
47	-36.327274	10.64306	-17.0	-69.0	36.327274	-99.57554	0.051802106	-97.58811	-99.57815	192000	-3.6239623e-08	0.010595258	-0.057573207	-0.008095686	nan	0.0157444	0.478	18.0	1114.2994668483734
48	-36.833332	10.900645	-12.0	-69.0	36.833332	-99.648766	0.07077585	-96.64315	-99.651596	196000	-4.9710273e-08	0.010589433	-0.04162323	-0.009006033	nan	0.015295466	0.51	27.0	1136.7929117679596
49	-34.701756	10.674556	-12.0	-65.0	34.701756	-99.71125	0.060998082	-96.450554	-99.71343	200000	9.059906e-09	0.0071475073	-0.04031947	-0.006088521	nan	0.015197579	0.54725	32.0	1160.2669718265533
50	-35.309734	10.708593	-13.0	-67.0	35.309734	-99.75767	0.14748757	-91.145065	-99.76163	204000	5.2452087e-09	0.024397356	-0.018644558	-0.0236359	nan	0.001258858	0.5495	79.0	1185.7495279312134
51	-34.736843	10.256408	-11.0	-60.0	34.736843	-99.80064	0.07095136	-96.02982	-99.8034	208000	6.3180923e-09	0.006805393	-0.030333795	-0.0058728843	nan	0.014078509	0.67675	79.0	1211.0471076965332
52	-34.102566	11.633568	-11.0	-72.0	34.102566	-99.837135	0.009195669	-99.48975	-99.83794	212000	-4.553795e-08	0.0011497921	-0.07187968	-0.00081165123	nan	0.018537357	0.3155	7.0	1233.7480907440186
53	-35.92793	11.535852	-12.0	-66.0	35.92793	-99.86033	0.17994092	-89.17392	-99.86593	216000	1.3828277e-08	0.033370778	-0.012897622	-0.030756693	nan	-0.0362054	0.443	79.0	1258.8454546928406
54	-35.34513	11.736615	-9.0	-65.0	35.34513	-99.88519	0.2150383	-88.52486	-99.89172	220000	4.2915342e-09	1.0285945	-0.02143011	-0.050343692	nan	0.019193714	0.036	6.0	1280.8126027584076
55	-35.300884	10.249873	-15.0	-58.0	35.300884	-99.77996	0.396216	-83.16342	-99.797005	224000	-1.0490417e-08	0.15975751	-0.015754117	-0.15201275	nan	-0.07371829	0.3975	79.0	1306.1478998661041
56	-36.712963	12.275429	-11.0	-75.0	36.712963	-99.82902	0.22205481	-87.99427	-99.835045	228000	8.5830685e-09	0.050843213	-0.013158899	-0.04819332	nan	-0.015055388	0.438	79.0	1330.9375128746033
57	-36.648148	11.414185	-13.0	-78.0	36.648148	-99.86509	0.02666509	-98.47891	-99.86641	232000	-4.7683717e-08	0.001549163	-0.041567415	-0.001137055	nan	0.015877912	0.501	20.0	1353.0735337734222
58	-35.401787	10.826934	-13.0	-66.0	35.401787	-99.83789	2.4286916	41.553688	-99.89176	236000	7.152557e-09	5.9052854	-0.0069546746	-5.8998437	nan	-0.10297547	0.29225	79.0	1378.4424958229065
59	-34.034187	10.786135	-13.0	-64.0	34.034187	-99.9119	0.031167677	-98.30833	-99.91359	240000	2.6464463e-08	0.0018338044	-0.02547253	-0.0007676971	nan	0.0167142	0.22775	12.0	1404.0556569099426
60	-36.75926	12.295641	-5.0	-66.0	36.75926	-99.92011	0.33416423	-79.012794	-99.926544	244000	-5.2452087e-09	0.112169996	-0.0068221996	-0.11064388	nan	-0.049675938	0.236	79.0	1434.3540787696838
61	-34.773914	9.424354	-15.0	-62.0	34.773914	-99.92744	0.48716035	-77.240364	-99.941055	248000	-3.5762786e-09	0.23790725	-0.009342115	-0.2353496	nan	-0.11518243	0.346	79.0	1465.3546488285065
62	-35.309734	10.548733	-11.0	-65.0	35.309734	-99.937355	0.8592247	-45.7469	-99.95315	252000	-9.059906e-09	0.7390588	-0.005865979	-0.7325326	nan	-0.091489255	0.25075	79.0	1496.8056228160858
63	-34.85965	11.581804	-12.0	-65.0	34.85965	-99.96191	0.05056534	-96.783485	-99.96306	256000	9.775162e-09	0.0026337407	-0.010344244	-0.0018610747	nan	-0.019906288	0.4655	79.0	1527.1536898612976
64	-31.967741	10.192451	-12.0	-66.0	31.967741	-99.96905	0.028017439	-98.29418	-99.969925	260000	2.2888184e-08	0.0008281627	-0.01434576	-0.000566905	nan	-0.02881495	0.5285	79.0	1558.933052778244
65	-32.333332	11.020799	-11.0	-60.0	32.333332	-99.942154	2.0215282	27.888334	-99.97523	264000	1.34706495e-08	4.0882654	-0.0051410333	-4.084779	nan	-0.09709242	0.25725	79.0	1591.210499048233
66	-33.466103	11.124627	-13.0	-89.0	33.466103	-99.95603	1.4897752	-5.7736464	-99.98094	268000	4.529953e-09	2.220346	-0.005294892	-2.2179933	nan	-0.104109116	0.3065	79.0	1622.22656583786
67	-33.64407	11.695664	-11.0	-75.0	33.64407	-99.98079	0.15406086	-90.66942	-99.98433	272000	1.7166137e-08	0.02377214	-0.007332254	-0.02234913	nan	-0.1095012	0.36075	79.0	1653.4269790649414
68	-33.34454	10.855381	-12.0	-63.0	33.34454	-99.97712	0.5204575	-67.35398	-99.98774	276000	7.390976e-09	0.28131655	-0.0071020937	-0.2610163	nan	0.015405604	0.14375	21.0	1681.6727108955383
69	-34.469566	10.825349	-11.0	-77.0	34.469566	-99.88964	2.934467	20.445507	-99.97853	280000	-8.106232e-09	8.620237	-0.009998565	-8.618732	nan	-0.12693457	0.40725	79.0	1712.6791059970856
70	-35.008774	11.154808	-10.0	-65.0	35.008774	-99.9795	0.082162775	-96.01281	-99.98237	284000	1.34706495e-08	0.006783869	-0.011856291	-0.0061673806	nan	-0.121153384	0.443	79.0	1743.5094158649445
71	-35.526787	10.839708	-11.0	-72.0	35.526787	-99.979904	0.13188249	-95.01677	-99.98614	288000	9.298325e-09	0.01748055	-0.016417751	-0.016391959	nan	-0.1429292	0.47375	79.0	1774.2748589515686
72	-35.642857	11.526257	-13.0	-71.0	35.642857	-99.94436	2.7711313	75.2672	-99.98972	292000	2.6226044e-09	7.6813927	-0.005389197	-7.680428	nan	-0.11385721	0.3315	79.0	1804.6262907981873
73	-34.16239	11.784357	-10.0	-86.0	34.16239	-99.97083	1.0066725	-38.29959	-99.9921	296000	3.4570693e-09	1.0138916	-0.007052994	-1.0058465	nan	-0.118945844	0.36375	79.0	1835.1468517780304
74	-36.272728	12.07244	-15.0	-81.0	36.272728	-99.9928	0.06723196	-97.9248	-99.99624	300000	-7.152557e-09	0.004600652	-0.017095784	-0.004297127	nan	-0.14669636	0.50525	79.0	1864.9288849830627
75	-33.99145	9.497184	-17.0	-60.0	33.99145	-99.994125	0.059573963	-97.65336	-99.99649	304000	1.2159347e-08	0.0035737415	-0.0131904455	-0.0018674101	nan	-0.14516021	0.5035	79.0	1896.2800388336182
76	-35.954956	11.003183	-12.0	-66.0	35.954956	-99.99101	0.22849609	-88.6916	-99.9981	308000	2.6226044e-09	0.05226424	-0.010867677	-0.04993205	nan	-0.13443781	0.42025	79.0	1926.547201871872
77	-34.068375	11.133016	-11.0	-62.0	34.068375	-99.99814	0.041206602	-98.34993	-99.99979	312000	4.768372e-10	0.0016859465	-0.013367933	-0.0016467541	nan	-0.13833326	0.47275	79.0	1958.4442360401154
78	-33.512604	9.807274	-11.0	-69.0	33.512604	-99.99284	0.3908397	-75.32428	-99.99993	316000	1.0490417e-08	0.15280594	-0.006131424	-0.15044326	nan	-0.105580114	0.31175	79.0	1989.7728378772736
79	-35.36283	10.612284	-16.0	-68.0	35.36283	-99.99225	0.538942	-65.91423	-100.0012	320000	-4.4107438e-09	0.29053238	-0.0053951424	-0.28952372	nan	-0.12288235	0.39	79.0	2021.2757148742676
80	-36.55963	12.338819	-14.0	-67.0	36.55963	-99.98733	0.605459	-62.265194	-100.0018	324000	-5.9604646e-09	0.36678526	-0.00821912	-0.36385417	nan	-0.1310344	0.41775	79.0	2050.9865398406982
81	-33.898304	12.264315	-12.0	-68.0	33.898304	-99.96991	1.7838713	10.347321	-100.003815	328000	2.861023e-09	3.1832857	-0.0065395185	-3.1816778	nan	-0.11397073	0.34625	79.0	2082.012715816498
82	-35.49107	11.117871	-14.0	-61.0	35.49107	-100.0036	0.010365148	-99.46972	-100.004135	332000	-3.8146974e-09	0.0001094837	-0.018244945	-9.253733e-05	nan	-0.11531812	0.53425	79.0	2112.327013731003
83	-35.15929	11.8176155	-9.0	-67.0	35.15929	-99.99833	0.14226866	-94.68206	-100.0035	336000	-2.861023e-09	0.020133467	-0.012782189	-0.019104194	nan	-0.12371593	0.418	79.0	2142.206997871399
84	-34.70435	11.498183	-13.0	-79.0	34.70435	-99.99319	0.37194347	-77.50355	-100.00238	340000	-8.5830685e-09	0.1384163	-0.008277927	-0.13643502	nan	-0.14925316	0.4975	79.0	2173.224933862686
85	-34.591305	11.788643	-8.0	-66.0	34.591305	-100.00146	0.05312893	-97.95316	-100.00346	344000	1.6868114e-08	0.031380955	-0.016733706	-0.0021355506	nan	0.018052315	0.052	3.0	2199.7974348068237
86	-35.669643	12.148184	-10.0	-62.0	35.669643	-99.9695	0.5155336	-71.11897	-99.984375	348000	1.6570091e-08	0.2662491	-0.00999168	-0.26398093	nan	-0.12350796	0.415	79.0	2229.714509010315
87	-33.521008	10.157456	-13.0	-58.0	33.521008	-99.984856	0.10434455	-93.76028	-99.98801	352000	5.3644182e-09	0.010909314	-0.0101615265	-0.009550944	nan	-0.13426928	0.44975	79.0	2261.1962978839874
88	-34.310345	11.357372	-6.0	-73.0	34.310345	-99.990135	0.030828267	-98.69281	-99.99138	356000	1.001358e-08	0.0009595567	-0.013583175	-0.0008181179	nan	-0.15294394	0.548	79.0	2291.646419763565
89	-35.88288	10.249797	-19.0	-64.0	35.88288	-99.993065	0.004842838	-99.83475	-99.99344	360000	-4.2915342e-09	2.68848e-05	-0.028678952	-1.6673717e-05	nan	-0.046206005	0.65725	79.0	2322.054138660431
90	-37.75238	11.278113	-16.0	-75.0	37.75238	-99.99359	0.016487919	-99.36506	-99.99473	364000	-2.002716e-08	0.0011249132	-0.02362879	-0.00019656989	nan	0.02200711	0.105	4.0	2347.9385857582092
91	-35.04386	10.51431	-15.0	-67.0	35.04386	-99.991394	0.0173543	-98.98857	-99.992035	368000	-3.0994416e-09	0.00030588903	-0.01278013	-0.00027037098	nan	-0.0917584	0.49175	79.0	2378.5945267677307
92	-36.42202	12.518092	-13.0	-75.0	36.42202	-99.990776	0.06978662	-97.07232	-99.9936	372000	9.536744e-10	0.0048938254	-0.013451669	-0.004751271	nan	-0.16851942	0.54475	79.0	2407.9950478076935
93	-36.31818	12.049845	-14.0	-70.0	36.31818	-99.99201	0.07693216	-97.45345	-99.99532	376000	-1.4305115e-09	0.0059375684	-0.014319847	-0.005813236	nan	-0.15274662	0.4955	79.0	2437.8811118602753
94	-36.163635	12.945007	-11.0	-87.0	36.163635	-99.95335	2.4740648	55.66499	-99.9968	380000	4.768372e-10	6.122959	-0.0056767333	-6.1180077	nan	-0.12509868	0.38875	79.0	2468.4510860443115
95	-38.32039	13.102446	-16.0	-74.0	38.32039	-99.99804	0.032167584	-98.23812	-99.999245	384000	-9.298325e-09	0.0010367865	-0.01222405	-0.00086680526	nan	-0.15701638	0.521	79.0	2497.2580070495605
96	-37.02778	11.667031	-15.0	-70.0	37.02778	-99.959816	2.4358802	53.996662	-99.99995	388000	2.861023e-09	5.93514	-0.0056273355	-5.93503	nan	-0.097254045	0.28775	79.0	2526.630120754242
97	-36.431194	12.686312	-11.0	-74.0	36.431194	-99.99909	0.017080342	-99.3325	-99.999916	392000	-1.4305115e-09	0.00029251198	-0.015861567	-0.00026879724	nan	-0.15633728	0.51675	79.0	2556.310451745987
98	-37.037384	11.220746	-12.0	-71.0	37.037384	-99.99934	0.021575611	-98.773994	-100.000244	396000	1.5497207e-08	0.0004662563	-0.012929037	-0.00043351948	nan	-0.15689763	0.5125	79.0	2585.900294780731
99	-38.31068	11.91477	-16.0	-71.0	38.31068	-99.99993	0.027192632	-98.32474	-100.000626	400000	7.1525574e-10	0.0007405151	-0.008043574	-0.0005778218	nan	-0.119384006	0.396	79.0	2615.5239758491516
100	-35.392857	11.983141	-12.0	-65.0	35.392857	-100.000465	0.003859844	-99.87891	-100.000755	404000	1.5497207e-08	1.4847675e-05	-0.022451596	-6.070627e-06	nan	-0.18280655	0.58625	79.0	2645.685465812683
101	-37.38318	12.294398	-12.0	-77.0	37.38318	-99.999886	0.026157802	-98.57315	-100.00079	408000	1.26361845e-08	0.00068486755	-0.011060383	-0.000632259	nan	-0.14175254	0.46725	79.0	2675.042226791382
102	-39.71	12.5938835	-17.0	-75.0	39.71	-99.99907	0.08194938	-94.9171	-100.00097	412000	-2.026558e-09	0.006718318	-0.0076429225	-0.0066523836	nan	-0.12770933	0.3975	79.0	2703.3436069488525
103	-35.73874	11.842595	-8.0	-78.0	35.73874	-100.000725	0.005758144	-99.81738	-100.001144	416000	2.0503998e-08	3.3205786e-05	-0.023114238	-2.0149415e-05	nan	-0.17498194	0.54375	79.0	2733.0543489456177
104	-35.17699	11.13889	-13.0	-66.0	35.17699	-99.99031	0.51789385	-69.919426	-100.001205	420000	-8.106232e-09	0.2683302	-0.0066834157	-0.26637688	nan	-0.12654376	0.389	79.0	2765.369342803955
105	-38.54369	11.024049	-19.0	-72.0	38.54369	-99.99742	0.13481058	-94.14741	-100.00192	424000	-6.556511e-09	0.022287566	-0.011082909	-0.016081033	nan	0.017816456	0.13825	9.0	2790.6569600105286
106	-38.59223	11.551856	-14.0	-65.0	38.59223	-99.9958	0.03808514	-97.61061	-99.99661	428000	9.059906e-09	0.0014556278	-0.0065078204	-0.0012188561	nan	-0.10917039	0.367	79.0	2819.4651157855988
107	-35.936935	10.429755	-17.0	-67.0	35.936935	-99.99725	0.006268539	-99.620514	-99.99748	432000	-2.1457671e-09	3.98786e-05	-0.011436002	-3.6602363e-05	nan	-0.09800427	0.43225	79.0	2849.777936697006
108	-35.92793	11.514748	-16.0	-73.0	35.92793	-99.997856	0.0031309237	-99.83839	-99.998055	436000	3.0994416e-09	1.0978916e-05	-0.019858643	-9.598707e-07	nan	-0.034886982	0.4875	79.0	2879.5867528915405
109	-34.422413	11.520709	-11.0	-64.0	34.422413	-99.9955	0.08797897	-96.473206	-99.99847	440000	-1.3828277e-08	0.007752009	-0.010568461	-0.0073167947	nan	-0.14505292	0.45375	79.0	2910.5493659973145
110	-36.28182	11.162544	-12.0	-72.0	36.28182	-99.999214	0.005503473	-99.76041	-99.99955	444000	-3.5762786e-09	3.0451947e-05	-0.017698213	-1.6433567e-05	nan	-0.1499319	0.49575	79.0	2941.137099981308
111	-37.33645	11.156444	-17.0	-69.0	37.33645	-99.987625	0.5844934	-64.10205	-99.99987	448000	2.5749207e-08	0.34188494	-0.0064665773	-0.34027386	nan	-0.12613861	0.3835	79.0	2970.650698900223
112	-35.651787	10.968876	-12.0	-76.0	35.651787	-99.99988	0.006026409	-99.66786	-100.00012	452000	-2.2411346e-08	3.6365553e-05	-0.012663061	-3.270331e-05	nan	-0.13338538	0.44575	79.0	3001.146887779236
113	-39.84	11.434789	-18.0	-70.0	39.84	-99.9991	0.03328567	-98.26561	-100.00024	456000	-1.0967255e-08	0.0011091244	-0.0106688505	-0.0010633137	nan	-0.1431652	0.44775	79.0	3029.336315870285
114	-36.66055	11.698993	-12.0	-65.0	36.66055	-100.00027	0.00965592	-99.43772	-100.00057	460000	5.2452087e-09	9.462012e-05	-0.009790389	-7.95858e-05	nan	-0.11989491	0.37825	79.0	3058.7312738895416
115	-37.518867	11.140806	-10.0	-71.0	37.518867	-99.99948	0.024522299	-98.839134	-100.00049	464000	-1.3113022e-08	0.00060213363	-0.012700459	-0.00051188824	nan	-0.1393303	0.436	79.0	3087.784821987152
116	-39.04902	13.116655	-14.0	-69.0	39.04902	-99.99961	0.044490896	-98.02193	-100.00085	468000	7.629395e-09	0.0019806994	-0.0086470945	-0.0019117107	nan	-0.108146206	0.35	79.0	3117.060409784317
117	-38.960785	11.842861	-16.0	-68.0	38.960785	-99.9993	0.07245301	-95.56799	-100.00101	472000	5.2452087e-09	0.0052574365	-0.0073429933	-0.005223079	nan	-0.10686013	0.32325	79.0	3145.754226922989
118	-34.439655	10.891541	-8.0	-74.0	34.439655	-100.00021	0.0146421455	-99.1712	-100.00076	476000	5.4836273e-09	0.00021448453	-0.010880782	-0.00019033234	nan	-0.13122408	0.428	79.0	3176.988273859024
119	-38.85294	13.180048	-17.0	-97.0	38.85294	-99.996864	0.15610236	-91.11071	-100.00093	480000	6.198883e-09	0.024381813	-0.007940387	-0.02115167	nan	-0.13596967	0.40925	79.0	3205.73837685585
120	-39.376236	11.554307	-17.0	-73.0	39.376236	-99.99975	0.13869245	-91.23481	-100.00231	484000	-3.0755995e-08	0.019239472	-0.0056658057	-0.01846193	nan	-0.097372085	0.3085	79.0	3234.4675760269165
121	-39.41584	11.55295	-15.0	-71.0	39.41584	-100.002235	0.003966746	-99.82956	-100.00246	488000	2.861023e-09	1.6309676e-05	-0.017368099	-1.1087146e-05	nan	-0.054837596	0.44375	79.0	3263.1863198280334
122	-38.451923	12.25991	-15.0	-77.0	38.451923	-100.00137	0.024324302	-98.530785	-100.00202	492000	-1.7642975e-08	0.0005919293	-0.007980653	-0.0005725193	nan	-0.095389776	0.3125	79.0	3292.32972073555
123	-38.911766	12.852179	-18.0	-74.0	38.911766	-100.0018	0.00038937767	-99.98488	-100.00184	496000	-3.385544e-08	2.9787165e-07	-0.03132823	-1.1583444e-07	nan	0.015714942	0.353	11.0	3317.037273645401
124	-37.942856	13.412026	-13.0	-77.0	37.942856	-99.99739	0.12072168	-94.056274	-100.0015	500000	2.861023e-09	0.022147533	-0.008911771	-0.014456364	nan	0.017722046	0.091	5.0	3342.9701528549194
125	-41.14433	12.307059	-13.0	-70.0	41.14433	-99.99075	0.06687702	-96.43414	-99.99278	504000	1.4305115e-09	0.0044894936	-0.009282568	-0.0033784653	nan	-0.12482512	0.38325	79.0	3370.8029749393463
126	-39.554455	12.868317	-16.0	-76.0	39.554455	-99.98166	0.70924747	-56.1653	-99.99516	508000	-1.4305115e-09	0.50323737	-0.006271382	-0.5029737	nan	-0.09560921	0.26725	79.0	3399.121827840805
127	-35.357143	12.557622	-9.0	-82.0	35.357143	-99.99545	0.041657977	-97.60702	-99.99656	512000	-6.198883e-09	0.0017386358	-0.007924074	-0.0015457971	nan	-0.11842882	0.3625	79.0	3429.5666167736053
128	-40.28283	15.22295	-17.0	-91.0	40.28283	-99.99586	0.10407647	-93.41577	-99.99765	516000	4.053116e-09	0.010839255	-0.00506409	-0.010532436	nan	-0.10796574	0.31975	79.0	3457.6897897720337
129	-39.77	14.937104	-10.0	-91.0	39.77	-99.998024	0.007825088	-99.54746	-99.99825	520000	7.390976e-09	6.166114e-05	-0.00879723	-4.995363e-05	nan	-0.11277004	0.364	79.0	3485.9466528892517
130	-37.64151	12.452315	-13.0	-70.0	37.64151	-99.99838	0.0077271936	-99.62358	-99.99872	524000	-1.0967255e-08	6.0102273e-05	-0.013100282	-2.680803e-05	nan	-0.13178931	0.40275	79.0	3516.145021915436
131	-36.53271	12.2354765	-15.0	-84.0	36.53271	-99.99828	0.048814405	-96.91938	-99.99923	528000	3.5762786e-09	0.0023840528	-0.0055025425	-0.0023388008	nan	-0.09719598	0.29875	79.0	3545.25572180748
132	-37.603775	11.858982	-8.0	-73.0	37.603775	-99.99952	0.0007719458	-99.96452	-99.99957	532000	4.7683715e-09	6.192961e-07	-0.018983662	-2.4926854e-07	nan	-0.041885383	0.43525	79.0	3574.6228280067444
133	-36.458717	13.504693	-14.0	-71.0	36.458717	-99.99778	0.07590587	-95.553406	-99.99969	536000	-5.722046e-09	0.0057653966	-0.0074408506	-0.005271714	nan	-0.11762099	0.329	79.0	3603.9910337924957
134	-38.504856	11.528667	-17.0	-61.0	38.504856	-99.990005	0.5813151	-63.29751	-100.000404	540000	-8.5830685e-09	0.33803335	-0.0050780145	-0.3373519	nan	-0.11653578	0.3305	79.0	3632.8345987796783
135	-37.780952	12.853001	-10.0	-78.0	37.780952	-99.987335	0.7679735	-51.75568	-100.00113	544000	-9.536743e-09	0.5899683	-0.005445816	-0.5877537	nan	-0.10233099	0.29525	79.0	3662.36847782135
136	-39.425743	12.9479885	-10.0	-81.0	39.425743	-100.00135	0.016495548	-99.32625	-100.00208	548000	0.0	0.00027671814	-0.013229678	-0.00010694096	nan	-0.118693486	0.34025	79.0	3691.075371980667
137	-40.489796	11.996806	-17.0	-73.0	40.489796	-99.99717	0.107952155	-96.420456	-100.001785	552000	-9.536744e-10	0.011672478	-0.012743264	-0.011483375	nan	-0.13453752	0.38175	79.0	3718.957382917404
138	-42.17021	13.108093	-12.0	-78.0	42.17021	-100.00044	0.065580435	-96.63928	-100.00213	556000	0.0	0.022161385	-0.009697115	-0.0005996898	nan	0.017259216	0.05225	2.0	3742.619619846344
139	-37.0	13.612358	-10.0	-77.0	37.0	-99.98909	0.08371577	-96.13564	-99.99113	560000	-3.5762786e-09	0.007026744	-0.0069602146	-0.0070056277	nan	-0.107637525	0.32525	79.0	3772.2321348190308
140	-39.009804	12.7536955	-15.0	-71.0	39.009804	-99.99256	0.01819989	-98.84985	-99.99298	564000	-2.384186e-10	0.00033451253	-0.007247001	-0.00032985036	nan	-0.018344637	0.332	79.0	3801.553325653076
141	-37.345795	15.138059	-11.0	-86.0	37.345795	-99.99326	0.037211254	-98.332726	-99.99442	568000	-1.66893e-08	0.0013925028	-0.009400964	-0.0013681932	nan	-0.10205861	0.316	79.0	3830.9252038002014
142	-39.79	12.45656	-19.0	-91.0	39.79	-99.99559	0.0033465694	-99.80544	-99.99572	572000	-2.6345253e-08	1.3162428e-05	-0.012143992	-3.9841098e-06	nan	0.015417264	0.2135	10.0	3855.3891909122467
143	-39.326733	13.901426	-14.0	-83.0	39.326733	-99.99609	0.015712084	-99.02902	-99.99652	576000	1.5735626e-08	0.0002484657	-0.00798602	-0.00022643975	nan	-0.09469168	0.3325	79.0	3883.5009899139404
144	-38.125	13.372394	-13.0	-75.0	38.125	-99.99689	0.011836364	-99.37155	-99.997345	580000	6.437302e-09	0.000141177	-0.011024892	-9.4542294e-05	nan	-0.10822683	0.35475	79.0	3912.4546909332275
145	-39.158417	11.600387	-13.0	-64.0	39.158417	-99.99803	0.001624882	-99.93719	-99.99813	584000	4.2915342e-09	3.05228e-06	-0.023160944	-1.1346788e-06	nan	0.001561352	0.4485	79.0	3940.9049348831177
146	-39.47	12.369684	-18.0	-80.0	39.47	-99.9982	0.008633202	-99.48868	-99.99852	588000	-6.6757204e-09	7.489602e-05	-0.010755503	-3.2199277e-05	nan	-0.113169976	0.35825	79.0	3969.7647109031677
147	-39.96	12.781175	-15.0	-75.0	39.96	-99.997665	0.044913866	-98.00135	-99.99904	592000	2.002716e-08	0.0020196845	-0.00879774	-0.002017815	nan	-0.100536175	0.29475	79.0	3997.806967973709
148	-39.02941	12.81119	-13.0	-71.0	39.02941	-99.99873	0.027675273	-98.30331	-99.999344	596000	-2.861023e-09	0.00076656276	-0.006208741	-0.000755057	nan	-0.09660382	0.29125	79.0	4026.4662697315216
149	-40.704082	14.40182	-13.0	-81.0	40.704082	-99.99915	0.023194768	-98.53334	-99.99959	600000	2.6226044e-09	0.0005382619	-0.0054935464	-0.0005349487	nan	-0.09092135	0.29	79.0	4054.3721446990967
150	-39.88	12.367926	-16.0	-71.0	39.88	-99.99702	0.16511764	-89.556145	-99.99975	604000	-1.2874604e-08	0.027271582	-0.004856059	-0.02725837	nan	-0.0923958	0.268	79.0	4082.9082276821136
151	-38.194176	11.95709	-4.0	-72.0	38.194176	-99.99867	0.041582104	-97.67338	-99.99992	608000	1.0967255e-08	0.0017306566	-0.008748737	-0.001632874	nan	-0.11062303	0.3175	79.0	4111.702188014984
152	-42.414894	14.154474	-14.0	-82.0	42.414894	-100.00019	0.0016223602	-99.90739	-100.0003	612000	-2.002716e-08	2.6309924e-06	-0.016474405	-1.655704e-06	nan	-0.13126889	0.402	79.0	4139.1617929935455
153	-40.622448	13.469933	-14.0	-81.0	40.622448	-99.99486	0.1944767	-91.6691	-100.00032	616000	-9.298325e-09	0.037850548	-0.0078473035	-0.037467256	nan	-0.09852389	0.2825	79.0	4167.132868766785
154	-39.99	12.152773	-17.0	-69.0	39.99	-100.00085	0.0021379653	-99.871	-100.00092	620000	2.9802323e-09	4.6286978e-06	-0.012047031	-3.326009e-06	nan	-0.07631492	0.32975	79.0	4196.2827208042145
155	-37.214954	12.81721	-14.0	-80.0	37.214954	-100.00045	0.012437537	-99.23212	-100.000786	624000	-9.536743e-09	0.00015469136	-0.007219477	-0.00012579288	nan	-0.09970438	0.30825	79.0	4225.594946861267
156	-38.41346	13.678739	-12.0	-80.0	38.41346	-100.000626	0.0034274387	-99.82191	-100.00079	628000	5.2452087e-09	1.3784344e-05	-0.011788523	-8.285624e-06	nan	0.015186792	0.18075	17.0	4250.940552949905
157	-36.981308	14.41636	-10.0	-80.0	36.981308	-100.00032	0.0074332915	-99.72221	-100.00062	632000	-1.2874604e-08	5.5299322e-05	-0.010570183	-4.9554477e-05	nan	-0.10578866	0.3255	79.0	4280.621101617813
158	-38.67961	12.8729515	-9.0	-75.0	38.67961	-99.998344	0.12999287	-91.78413	-100.00062	636000	-7.510185e-09	0.5224537	-0.009312515	-0.0072487593	nan	0.019246753	0.03175	2.0	4305.464431762695
159	-40.353535	13.956869	-15.0	-84.0	40.353535	-99.91481	0.1727331	-89.88932	-99.91962	640000	1.4901161e-08	0.050345916	-0.0066136373	-0.026276208	nan	0.017556049	0.0445	3.0	4330.5444667339325
160	-36.145454	12.537823	-9.0	-80.0	36.145454	-99.923805	0.02203571	-98.541306	-99.92435	644000	-7.033348e-09	0.00076709164	-0.013368802	-0.00066459604	nan	0.017208295	0.1955	7.0	4356.370064735413
161	-39.92	13.561476	-19.0	-84.0	39.92	-99.93782	0.0010019669	-99.907906	-99.93792	648000	-1.1503696e-07	0.00020364317	-0.03995664	-0.00014872853	nan	0.02386276	0.152	2.0	4380.62992978096
162	-40.59794	13.816664	-14.0	-78.0	40.59794	-99.94928	0.028712504	-98.163765	-99.94998	652000	-2.3841858e-08	0.0009837192	-0.006951502	-0.00090965896	nan	0.01540081	0.192	6.0	4404.658540964127
163	-38.834953	12.822233	-10.0	-70.0	38.834953	-99.95932	0.052421212	-96.644585	-99.96023	656000	-6.198883e-09	0.0028345294	-0.006563852	-0.0027901828	nan	0.015643073	0.22925	20.0	4430.569268941879
164	-39.86	12.126846	-12.0	-76.0	39.86	-99.967834	0.0039879684	-99.78802	-99.96805	660000	2.5272369e-08	7.0717084e-05	-0.0245338	-5.621663e-05	nan	0.017037578	0.16525	4.0	4455.063211917877
165	-37.660378	12.84368	-12.0	-78.0	37.660378	-99.963745	0.6530418	-58.6693	-99.97435	664000	-2.6226044e-09	0.42666137	-0.0047872257	-0.4266266	nan	-0.062173057	0.226	79.0	4484.577696800232
166	-38.757282	11.406407	-8.0	-68.0	38.757282	-99.97819	0.03966945	-98.14758	-99.97926	668000	-2.2411346e-08	0.001606337	-0.008290061	-0.001560689	nan	-0.031970844	0.293	79.0	4513.368152618408
167	-38.442307	13.524782	-10.0	-75.0	38.442307	-99.983185	0.002336466	-99.867355	-99.983315	672000	-4.005432e-08	2.0391359e-05	-0.023933675	-1.3887183e-05	nan	0.015267232	0.1565	4.0	4538.312366724014
168	-40.242424	13.709903	-14.0	-90.0	40.242424	-99.98162	0.19876614	-89.79092	-99.98652	676000	1.9073487e-09	0.03959349	-0.0069228522	-0.03935961	nan	-0.09314757	0.2695	79.0	4566.253628730774
169	-40.38384	13.667559	-11.0	-74.0	40.38384	-99.9894	0.010359173	-99.410164	-99.98969	680000	4.7683715e-09	0.000114671544	-0.011486335	-0.00010923734	nan	0.0063470574	0.3625	79.0	4594.341681718826
170	-40.142857	14.1803255	-14.0	-88.0	40.142857	-99.9913	0.020026423	-98.820656	-99.99185	684000	-4.768372e-10	0.00040837284	-0.007945105	-0.00018404436	nan	-0.055011705	0.2895	79.0	4622.634086847305
171	-41.842106	14.377845	-14.0	-87.0	41.842106	-99.99298	0.03345503	-98.44268	-99.99385	688000	-7.629395e-09	0.0011267902	-0.0070693763	-0.00096418953	nan	-0.09416556	0.276	79.0	4649.942045927048
172	-38.432693	12.456667	-17.0	-74.0	38.432693	-99.99527	0.0036439928	-99.85106	-99.99543	692000	9.059906e-09	1.4607887e-05	-0.015045919	-8.155757e-06	nan	0.015287961	0.3255	36.0	4676.697016000748
173	-39.63	13.827983	-8.0	-77.0	39.63	-99.99572	0.023718143	-98.594185	-99.99637	696000	4.053116e-09	0.0005643406	-0.007364924	-0.0005217967	nan	-0.08530355	0.2615	79.0	4705.356470823288
174	-42.06383	12.89137	-13.0	-76.0	42.06383	-99.99702	0.013282325	-99.1617	-99.99728	700000	6.9141386e-09	0.00017720186	-0.005945664	-0.00015954157	nan	-0.02866441	0.227	79.0	4733.3837378025055
175	-36.916668	11.519006	-13.0	-75.0	36.916668	-99.99761	0.008934483	-99.46848	-99.99793	704000	1.2159347e-08	9.294019e-05	-0.008571117	-5.905665e-05	nan	0.015718607	0.078	7.0	4758.82112288475
176	-39.148514	14.512804	-10.0	-89.0	39.148514	-99.9978	0.003928943	-99.774124	-99.99798	708000	1.4305114e-08	1.5820784e-05	-0.011946366	-2.6679027e-06	nan	-0.02662041	0.31675	79.0	4786.803211927414
177	-38.805824	13.463405	-16.0	-72.0	38.805824	-99.99792	0.01713691	-99.04583	-99.99849	712000	1.1920929e-08	0.00029458944	-0.009452376	-0.00020358147	nan	-0.10208966	0.31025	79.0	4816.299593925476
178	-40.0	13.166624	-11.0	-75.0	40.0	-99.99814	0.045733303	-97.1208	-99.999054	716000	2.861023e-09	0.0020926471	-0.0053409976	-0.002007754	nan	-0.09239325	0.2785	79.0	4844.7015726566315
179	-40.232323	12.238232	-16.0	-75.0	40.232323	-99.99942	0.0013050332	-99.96116	-99.99953	720000	-2.336502e-08	1.7505027e-06	-0.020300899	-4.6493392e-07	nan	-0.10140951	0.34025	79.0	4873.3331208229065
180	-39.088234	12.292276	-15.0	-62.0	39.088234	-99.99958	0.0025783037	-99.898544	-99.99971	724000	-4.7683715e-09	6.681429e-06	-0.014053549	-2.3023836e-06	nan	-0.10280836	0.30425	79.0	4901.652194023132
181	-38.76699	13.313402	-15.0	-69.0	38.76699	-99.99967	0.0059525725	-99.6841	-99.99988	728000	1.4781952e-08	3.548857e-05	-0.0091877505	-3.254173e-05	nan	-0.105175264	0.3055	79.0	4930.011545658112
182	-36.44037	12.070459	-12.0	-73.0	36.44037	-99.99994	0.0011068551	-99.964645	-100.000015	732000	-3.8146972e-08	1.2317474e-06	-0.017366378	-5.2717775e-07	nan	-0.11268157	0.33525	79.0	4960.0313267707825
183	-38.240383	13.1817875	-12.0	-74.0	38.240383	-99.99955	0.015234013	-99.183815	-100.00006	736000	-1.4066696e-08	0.00023230705	-0.008606785	-0.00020997436	nan	-0.09887519	0.289	79.0	4989.011741876602
184	-39.72	12.234443	-10.0	-74.0	39.72	-100.00013	0.00317628	-99.803925	-100.00024	740000	7.629395e-09	1.0103911e-05	-0.008563888	-7.9527945e-06	nan	-0.09340072	0.2955	79.0	5017.634624004364
185	-40.704082	12.944315	-10.0	-83.0	40.704082	-100.000175	0.0013572813	-99.927414	-100.00024	744000	-6.6757204e-09	1.9051352e-06	-0.012485148	-2.4910855e-07	nan	-0.0958747	0.29375	79.0	5044.75203871727
186	-41.4375	13.314162	-18.0	-77.0	41.4375	-99.999466	0.02772728	-98.70444	-100.00022	748000	-5.1021576e-08	0.0007692984	-0.0071318755	-0.00073867856	nan	-0.10352443	0.29175	79.0	5069.35560798645
187	-40.734695	14.5816145	-9.0	-77.0	40.734695	-100.00011	0.009433892	-99.41105	-100.000336	752000	1.37090685e-08	8.903373e-05	-0.0071010534	-8.340912e-05	nan	-0.09385312	0.2755	79.0	5093.251066684723
188	-39.166668	13.193197	-11.0	-66.0	39.166668	-99.99465	0.22209199	-89.46426	-100.00035	756000	2.6226044e-09	0.049355913	-0.0074006137	-0.04920879	nan	-0.10030559	0.26925	79.0	5120.428753852844
189	-38.475727	12.675061	-13.0	-72.0	38.475727	-100.000565	0.0013693848	-99.947075	-100.00066	760000	-8.8214875e-09	1.8795031e-06	-0.017675415	-7.84897e-07	nan	-0.07862717	0.33175	79.0	5144.713346004486
190	-41.092785	13.51218	-11.0	-75.0	41.092785	-100.00055	0.0009615375	-99.95181	-100.0006	764000	-6.0796737e-09	9.305861e-07	-0.015798924	-5.774857e-07	nan	-0.05913122	0.33875	79.0	5169.218199968338
191	-42.989132	15.244026	-14.0	-102.0	42.989132	-100.00027	0.012956448	-99.18224	-100.00053	768000	-1.9073487e-09	0.0001678595	-0.0052599227	-0.00016701398	nan	-0.086876996	0.25875	79.0	5191.752658843994
192	-38.45631	13.475454	-13.0	-75.0	38.45631	-100.000336	0.005576636	-99.6539	-100.000465	772000	2.2411346e-08	3.1229796e-05	-0.0067765503	-2.906403e-05	nan	-0.07949313	0.24275	79.0	5217.73238492012
193	-40.32323	12.871414	-20.0	-84.0	40.32323	-99.99905	0.06844968	-95.68983	-100.00039	776000	9.775162e-09	0.0046870685	-0.0049483133	-0.004639454	nan	-0.07760167	0.22525	79.0	5242.116622686386
194	-40.642857	13.783493	-13.0	-71.0	40.642857	-99.99954	0.03913937	-97.83521	-100.00047	780000	5.722046e-09	0.0015326709	-0.006549878	-0.0015101506	nan	-0.082343444	0.23325	79.0	5265.54451584816
195	-39.69	12.236581	-18.0	-74.0	39.69	-99.99993	0.016908124	-99.20788	-100.000534	784000	-1.1920929e-08	0.00028612863	-0.009814098	-0.00023815836	nan	-0.10487383	0.2855	79.0	5289.4125118255615
196	-40.7449	13.146204	-15.0	-74.0	40.7449	-100.00052	0.0065357047	-99.76212	-100.00071	788000	4.2915342e-09	4.269704e-05	-0.0083082225	-8.822746e-06	nan	-0.10538583	0.288	79.0	5312.947251796722
197	-38.77451	14.196041	-12.0	-90.0	38.77451	-99.99364	0.38671845	-75.666	-100.00074	792000	1.45435335e-08	0.14960043	-0.0053715575	-0.14952981	nan	-0.081504084	0.22075	79.0	5341.327282905579
198	-41.873684	15.768885	-13.0	-94.0	41.873684	-100.00089	0.0015966817	-99.909676	-100.000946	796000	3.7670137e-08	2.570299e-06	-0.012037641	-1.6498011e-06	nan	-0.051251803	0.29775	79.0	5365.1880939006805
199	-41.894737	14.429849	-13.0	-77.0	41.894737	-100.00073	0.0006696826	-99.97306	-100.000786	800000	-6.6757204e-09	4.6692884e-07	-0.017025238	-1.7487696e-07	nan	-0.016884586	0.3475	79.0	5388.42849779129
200	-40.795918	15.256955	-5.0	-84.0	40.795918	-100.00057	0.0020006872	-99.880615	-100.00065	804000	4.768372e-10	4.010092e-06	-0.009753193	-3.7200264e-06	nan	-0.065949365	0.28325	79.0	5412.073028802872
201	-41.333332	12.562897	-15.0	-79.0	41.333332	-100.00048	0.0007857881	-99.962845	-100.00055	808000	-2.3841857e-09	6.1830343e-07	-0.017859515	-5.6089846e-08	nan	-0.05620089	0.32175	79.0	5435.672293663025
202	-40.131313	12.663992	-18.0	-71.0	40.131313	-99.98789	0.75630665	-52.176174	-100.0005	812000	1.2874604e-08	0.5721575	-0.0046359454	-0.5720854	nan	-0.078424476	0.213	79.0	5459.177243709564
203	-41.989475	11.904438	-19.0	-79.0	41.989475	-99.99578	0.3101568	-80.38225	-100.00072	816000	-1.3113022e-08	0.09622028	-0.0045404905	-0.096173204	nan	-0.07965036	0.2145	79.0	5482.400763750076
204	-37.66981	11.965139	-18.0	-81.0	37.66981	-100.00068	0.0018395563	-99.90662	-100.00076	820000	9.536744e-10	3.3950587e-06	-0.009597588	-1.549299e-06	nan	-0.058936946	0.272	79.0	5507.511137962341
205	-38.960785	14.451353	-11.0	-86.0	38.960785	-100.00003	0.025842134	-98.499435	-100.00066	824000	5.9604646e-09	0.00066809426	-0.0061998493	-0.00061768247	nan	-0.08584277	0.24425	79.0	5531.35085272789
206	-37.68868	13.687457	-8.0	-80.0	37.68868	-99.99934	0.07345321	-95.372734	-100.00068	828000	8.5830685e-09	0.005396939	-0.004938526	-0.005263327	nan	-0.07930169	0.22525	79.0	5556.07728099823
207	-37.00926	12.08036	-14.0	-72.0	37.00926	-100.00086	0.000116981406	-99.99661	-100.00088	832000	-4.005432e-08	4.461575e-08	-0.027123732	-2.4999084e-08	nan	0.015159796	0.17775	6.0	5578.959854841232
208	-40.373737	14.035011	-9.0	-86.0	40.373737	-100.00069	0.0019262314	-99.884315	-100.00075	836000	2.9087067e-08	3.732647e-06	-0.00681559	-3.1338823e-06	nan	-0.034435026	0.2665	79.0	5602.622936010361
209	-38.796116	13.252118	-11.0	-75.0	38.796116	-99.99945	0.0659613	-95.831856	-100.000626	840000	-5.722046e-09	0.0043527703	-0.0050415364	-0.004325566	nan	-0.07049157	0.1935	79.0	5626.698627710342
210	-39.166668	12.449177	-11.0	-77.0	39.166668	-100.000534	0.0025613876	-99.86534	-100.00061	844000	1.1444092e-08	6.566641e-06	-0.008550685	-5.398663e-06	nan	-0.06787884	0.248	79.0	5651.054755687714
211	-40.17347	13.427072	-17.0	-73.0	40.17347	-100.000435	0.002618135	-99.85535	-100.00052	848000	-1.001358e-08	6.860383e-06	-0.0074324496	-1.9010708e-06	nan	-0.052491784	0.2615	79.0	5674.599328994751
212	-40.438774	13.7951975	-15.0	-83.0	40.438774	-100.000435	0.0008354753	-99.950874	-100.00046	852000	2.9563903e-08	7.0482577e-07	-0.010276034	-5.581793e-07	nan	-0.10183704	0.2775	79.0	5698.978460788727
213	-40.333332	12.873903	-12.0	-79.0	40.333332	-100.00035	0.000392571	-99.98753	-100.00038	856000	-3.33786e-08	1.5622608e-07	-0.015201063	-4.5771316e-09	nan	-0.099449895	0.302	79.0	5722.5246758461
214	-41.541668	14.078587	-9.0	-81.0	41.541668	-100.00022	0.0051557035	-99.674644	-100.00032	860000	-5.722046e-09	2.6588596e-05	-0.0053730235	-2.4321018e-05	nan	-0.06959005	0.20375	79.0	5746.329269886017
215	-40.21212	11.695007	-11.0	-72.0	40.21212	-99.99988	0.018997846	-98.82044	-100.00028	864000	2.503395e-08	0.00036105898	-0.0056459946	-0.00034185642	nan	-0.07800354	0.2175	79.0	5769.865402698517
216	-37.45283	14.697023	-8.0	-81.0	37.45283	-100.00024	0.002814773	-99.85384	-100.00033	868000	1.0490417e-08	7.925762e-06	-0.009254841	-6.9194557e-06	nan	-0.09534077	0.25575	79.0	5795.057784795761
217	-40.21212	12.90468	-10.0	-79.0	40.21212	-100.000084	0.00896361	-99.66445	-100.00035	872000	4.768372e-10	8.033613e-05	-0.0075610005	-3.3054406e-05	nan	-0.09320724	0.258	79.0	5818.783832788467
218	-43.086956	15.004821	-16.0	-98.0	43.086956	-100.00024	0.006079221	-99.70654	-100.000496	876000	7.152557e-09	3.694328e-05	-0.010913976	-2.3622857e-05	nan	-0.105032735	0.268	79.0	5841.833588838577
219	-43.68132	15.677996	-17.0	-100.0	43.68132	-100.00052	0.0008480913	-99.94939	-100.00055	880000	1.8119811e-08	7.201291e-07	-0.010569422	-5.9068043e-08	nan	0.01516178	0.30025	55.0	5864.0469517707825
220	-40.762886	15.147912	-12.0	-84.0	40.762886	-100.00019	0.0063490947	-99.79974	-100.00044	884000	1.525879e-08	4.03013e-05	-0.010296012	-3.774928e-05	nan	-0.1045768	0.279	79.0	5888.168517827988
221	-41.53125	13.4721575	-16.0	-76.0	41.53125	-100.00025	0.004948208	-99.70318	-100.0004	888000	9.536744e-10	2.4497609e-05	-0.0066246386	-2.3293682e-05	nan	-0.0922514	0.25025	79.0	5911.280675649643
222	-38.300972	12.520923	-10.0	-67.0	38.300972	-100.00013	0.005992884	-99.72257	-100.000336	892000	1.0490417e-08	3.593958e-05	-0.009552386	-3.4126897e-05	nan	-0.096342035	0.25575	79.0	5935.492657899857
223	-41.34375	14.227196	-9.0	-91.0	41.34375	-100.00024	0.0023944678	-99.89623	-100.00032	896000	4.673004e-08	5.733051e-06	-0.0101852445	-9.791174e-07	nan	-0.0955494	0.26425	79.0	5959.125114679337
224	-41.052082	14.968279	-10.0	-83.0	41.052082	-100.00025	0.0066835214	-99.594124	-100.00044	900000	-1.0490417e-08	4.4684395e-05	-0.006770651	-3.6339457e-05	nan	-0.088157944	0.2505	79.0	5983.480525016785
225	-38.194176	12.428481	-11.0	-72.0	38.194176	-100.000374	0.0007513516	-99.965126	-100.00041	904000	-2.3841858e-08	5.6737946e-07	-0.009967365	-2.9667254e-07	nan	-0.09299865	0.2615	79.0	6009.447891950607
