Epoch	AverageEpRet	StdEpRet	MaxEpRet	MinEpRet	EpLen	AverageVVals	StdVVals	MaxVVals	MinVVals	TotalEnvInteracts	LossPi	LossV	DeltaLossPi	DeltaLossV	Entropy	KL	ClipFrac	StopIter	Time
0	-8.224279	4.167421	-1.0	-19.0	8.224279	0.12138569	0.09210207	0.49719495	-0.2462116	4000	1.2493133e-07	42.827732	-0.0701133	-31.096148	nan	0.015073816	0.34125	64.0	16.48574995994568
1	-7.5310736	4.0825377	-1.0	-28.0	7.5310736	-5.2464414	0.41366196	1.7998018	-5.555532	8000	3.242493e-08	31.003283	-0.029569177	-21.928501	nan	0.0153774135	0.26475	10.0	32.97614598274231
2	-7.113879	3.4699297	-1.0	-18.0	7.113879	-9.194375	1.379324	0.9924333	-10.1116905	12000	-2.861023e-09	14.198967	-0.029722799	-10.36764	nan	0.015688332	0.24075	10.0	50.41576790809631
3	-6.575658	3.1965542	-1.0	-19.0	6.575658	-11.541825	1.9982138	0.3811968	-13.464772	16000	2.503395e-08	6.416239	-0.050898675	-3.8883119	nan	0.015083914	0.3055	23.0	68.9551088809967
4	-6.2003107	2.9857738	-1.0	-19.0	6.2003107	-12.9566555	2.2813303	-1.7308643	-15.397977	20000	4.768372e-10	4.3772335	-0.03641239	-2.0745394	nan	0.015106952	0.219	10.0	88.26155090332031
5	-6.224299	2.9210007	-1.0	-19.0	6.224299	-13.722431	2.3324783	-3.577919	-16.583855	24000	1.6212464e-08	4.1791477	-0.036258914	-2.1713276	nan	0.015567527	0.207	8.0	107.47324085235596
6	-5.830657	2.6773875	-1.0	-16.0	5.830657	-14.723172	2.3667545	-3.0697172	-17.64965	28000	-1.001358e-08	3.0751686	-0.037050847	-1.4856249	nan	0.015508868	0.1615	9.0	127.72600197792053
7	-5.6426554	2.6033962	-1.0	-17.0	5.6426554	-15.505053	2.3118098	-0.12639114	-18.4871	32000	6.198883e-09	2.9587104	-0.037894424	-1.4556199	nan	0.01570507	0.1765	12.0	149.55321097373962
8	-5.352075	2.3406096	-1.0	-16.0	5.352075	-16.149961	2.2833936	-4.6813273	-19.33811	36000	-6.7472456e-08	2.5405684	-0.037294727	-1.2679843	nan	0.015061421	0.1715	19.0	176.8383388519287
9	-5.3333335	2.397962	-1.0	-15.0	5.3333335	-16.721745	2.271016	-5.9880004	-19.889095	40000	0.0	2.0352447	-0.038313463	-1.0917947	nan	0.0150148375	0.16	24.0	202.56469774246216
10	-5.1349616	2.2756193	-1.0	-18.0	5.1349616	-17.41671	2.0662858	-8.482284	-20.38987	44000	-3.2901763e-08	1.7479962	-0.03260162	-0.9926739	nan	0.015577191	0.1185	22.0	225.6052107810974
11	-5.102171	2.2459915	-1.0	-15.0	5.102171	-18.11859	2.0060582	-4.668152	-20.866817	48000	-2.336502e-08	1.7093143	-0.03816845	-1.0018266	nan	0.015056598	0.12475	47.0	250.77500891685486
12	-5.132391	2.259332	-1.0	-15.0	5.132391	-18.850567	1.986466	-7.177249	-21.601557	52000	3.6239623e-08	1.7702625	-0.035299327	-1.0991371	nan	0.012811082	0.10775	79.0	275.99208092689514
13	-5.044136	2.089865	-1.0	-13.0	5.044136	-19.632149	1.9794022	-8.79302	-22.295914	56000	4.9591065e-08	1.1681306	-0.032422602	-0.7961135	nan	0.010008259	0.10425	79.0	301.05569100379944
14	-4.954151	2.0722106	-1.0	-13.0	4.954151	-20.412645	1.8372797	-13.19955	-22.864752	60000	-3.5762786e-09	1.1282954	-0.030930959	-0.809718	nan	0.015001611	0.09075	63.0	325.8986120223999
15	-4.968944	2.0412588	-1.0	-13.0	4.968944	-21.166042	1.8613584	-8.248885	-23.606089	64000	1.0204315e-07	1.1978158	-0.029787457	-0.8506276	nan	0.013757181	0.09675	79.0	351.52481293678284
16	-4.970149	1.9954188	-1.0	-12.0	4.970149	-21.975206	1.7731578	-14.931398	-24.353706	68000	4.6253206e-08	1.0001388	-0.029463636	-0.7508648	nan	0.014830346	0.1025	79.0	377.3096749782562
17	-5.0671735	2.0993812	-1.0	-14.0	5.0671735	-22.725124	1.7821988	-13.636141	-25.111572	72000	-9.274483e-08	1.0860624	-0.026755944	-0.8005246	nan	0.015075244	0.08325	42.0	402.4871370792389
18	-5.086514	2.087195	-1.0	-13.0	5.086514	-23.4893	1.8243867	-8.9377365	-25.903639	76000	-4.863739e-08	1.1588591	-0.016708937	-0.75838745	nan	0.015664663	0.099	16.0	426.5636658668518
19	-5.0289307	2.0528655	-1.0	-14.0	5.0289307	-24.268461	1.7199979	-16.900272	-26.652737	80000	-1.859665e-08	1.0972116	-0.018630119	-0.79753506	nan	0.015096813	0.07625	15.0	451.9786057472229
20	-4.959057	1.9298005	-1.0	-12.0	4.959057	-25.077925	1.6846231	-13.703981	-27.51152	84000	2.4080277e-08	1.0901624	-0.019031651	-0.7164274	nan	0.015003416	0.06925	33.0	477.8200137615204
21	-4.9937577	1.9827498	-1.0	-13.0	4.9937577	-25.858131	1.6587629	-13.686738	-28.261444	88000	-9.179115e-09	0.97250104	-0.022890093	-0.7297438	nan	0.0133003425	0.0875	79.0	502.42256212234497
22	-4.99375	1.9322813	-1.0	-12.0	4.99375	-26.669977	1.648295	-14.79969	-29.05106	92000	3.027916e-08	0.9780774	-0.021081518	-0.6994617	nan	0.013205358	0.07	79.0	530.8669397830963
23	-5.05689	1.9785321	-1.0	-13.0	5.05689	-27.378048	1.7387756	-7.6131096	-29.878967	96000	5.4836273e-09	1.0775046	-0.020002026	-0.74140286	nan	0.013246177	0.07825	79.0	557.6397430896759
24	-4.9382715	1.8944081	-1.0	-11.0	4.9382715	-28.158398	1.6446004	-8.560104	-30.661932	100000	-3.886223e-08	1.2689365	-0.012789037	-0.80708265	nan	0.01508535	0.0735	19.0	582.8976027965546
25	-4.919951	1.8674674	-1.0	-13.0	4.919951	-28.897858	1.7010978	-18.47001	-31.435186	104000	-3.71933e-08	1.0646923	-0.02323448	-0.7971312	nan	0.01449596	0.06475	79.0	610.5087471008301
26	-4.9602976	1.9107666	-1.0	-11.0	4.9602976	-29.621117	1.764089	-12.196579	-32.2859	108000	-2.5391579e-08	1.2606623	-0.015806573	-0.6610567	nan	0.015008351	0.0635	73.0	636.311117887497
27	-5.0352645	1.9851503	-1.0	-14.0	5.0352645	-30.141775	2.2375531	-7.701474	-32.972267	112000	3.004074e-08	2.4708896	-0.0073084915	-1.7516208	nan	0.015367267	0.0595	6.0	660.7262327671051
28	-5.0697083	2.0473378	-1.0	-14.0	5.0697083	-30.703568	2.8199608	-3.0604806	-33.80114	116000	-2.8610229e-08	2.8646986	-0.019797804	-1.9405301	nan	0.015221102	0.07525	66.0	685.6584887504578
29	-5.203125	2.2748377	-1.0	-14.0	5.203125	-30.544859	4.4666348	-4.368382	-34.65253	120000	-2.2172928e-08	3.690494	-0.015203985	-2.0224383	nan	0.01629236	0.082	7.0	708.9062237739563
30	-5.536011	2.6685724	-1.0	-14.0	5.536011	-29.884125	6.0429826	-1.310462	-35.53413	124000	1.502037e-08	5.9795375	-0.018806359	-3.4266212	nan	0.017616257	0.094	6.0	731.8604938983917
31	-5.791304	2.872142	-1.0	-15.0	5.791304	-29.662907	6.9387264	-2.969714	-36.20271	128000	4.2915342e-09	5.6892676	-0.01616062	-3.2794547	nan	0.015785318	0.07075	12.0	753.192370891571
32	-6.003003	3.0264087	-1.0	-15.0	6.003003	-29.771572	7.165292	-3.968217	-37.171097	132000	4.768372e-10	4.1948457	-0.023278816	-2.2708416	nan	0.015072744	0.082	70.0	774.8428170681
33	-5.787265	3.0078835	-1.0	-17.0	5.787265	-30.206795	7.340661	-1.2878585	-37.974983	136000	1.7285346e-09	3.8526196	-0.020780493	-2.2151997	nan	0.015091889	0.07525	48.0	798.4468398094177
34	-6.0060062	3.0960538	-1.0	-16.0	6.0060062	-30.432138	7.7351317	0.877833	-38.641575	140000	-7.152557e-09	6.55859	-0.023179872	-3.5946352	nan	0.015011206	0.08025	48.0	820.6495990753174
35	-5.92	2.9723866	-1.0	-15.0	5.92	-31.329336	7.4143615	-4.368655	-39.41217	144000	2.002716e-08	3.1728694	-0.0220687	-1.7970186	nan	0.014553026	0.078	79.0	844.2585198879242
36	-5.8808823	3.0417082	-1.0	-16.0	5.8808823	-32.07494	7.657003	-1.1624775	-40.023037	148000	1.078844e-08	4.4265475	-0.02249422	-2.316446	nan	0.015170559	0.08075	57.0	866.4899117946625
37	-6.0120482	3.118615	-1.0	-18.0	6.0120482	-32.349663	7.8421373	-5.1244	-40.85422	152000	5.4836273e-09	4.6917996	-0.014225727	-2.6083875	nan	0.016578846	0.06325	7.0	888.4025599956512
38	-6.079027	3.2695265	-1.0	-17.0	6.079027	-32.074783	8.961947	-2.4052002	-41.654377	156000	1.2397766e-08	6.0369873	-0.013782102	-3.3945901	nan	0.015106451	0.07725	6.0	909.5618939399719
39	-6.0515933	3.3991532	-1.0	-17.0	6.0515933	-32.391483	9.58834	-4.824521	-42.38053	160000	5.6028364e-09	6.419091	-0.020065483	-3.3608801	nan	0.015026032	0.07575	26.0	931.161456823349
