Epoch	AverageEpRet	StdEpRet	MaxEpRet	MinEpRet	EpLen	AverageVVals	StdVVals	MaxVVals	MinVVals	TotalEnvInteracts	LossPi	LossV	DeltaLossPi	DeltaLossV	Entropy	KL	ClipFrac	StopIter	Time
0	-7.753398	4.1429977	-1.0	-20.0	7.753398	-0.08875728	0.030072428	0.07415593	-0.22943288	4000	0.30538693	39.90167	-0.037593335	-28.049791	3.606877	2.0618103	0.9898631	79.0	492.9101309776306
1	-7.6316795	4.1503043	-1.0	-25.0	7.6316795	-5.366264	0.0009419669	-5.332449	-5.366695	8000	0.28780535	35.587612	-0.0021444857	-24.754002	2.72724	1.9893245	0.98296565	79.0	981.6910350322723
2	-7.988	4.2294035	-1.0	-24.0	7.988	-10.3118105	0.00021777098	-10.304863	-10.311886	12000	0.29372633	33.412617	-0.00069597363	-23.575462	2.630191	2.1040926	0.9918659	79.0	1474.6978352069855
3	-7.714286	3.9150522	-1.0	-20.0	7.714286	-15.019705	0.0026438243	-14.852625	-15.019777	16000	0.28013846	27.187828	-0.010289341	-19.308067	2.528769	2.331543	0.98987836	79.0	1971.5021171569824
4	-7.413729	4.1171927	-1.0	-23.0	7.413729	-19.261957	0.00015000833	-19.253044	-19.261982	20000	0.28182176	25.007103	-0.015290499	-17.39711	2.4764214	2.836189	0.98110646	79.0	2467.185992002487
5	-7.352941	3.9056509	-1.0	-24.0	7.352941	-23.291	7.211533e-05	-23.288258	-23.291018	24000	0.28416327	21.336546	-0.014910549	-14.972366	2.5042126	2.977611	0.9817879	79.0	2966.3369522094727
6	-7.57685	3.730646	-1.0	-22.0	7.57685	-27.043892	3.7157763e-05	-27.042507	-27.043903	28000	0.27279994	19.111683	-0.0050148666	-13.509695	2.3158948	2.8454957	0.9856087	79.0	3463.435792207718
7	-7.791423	3.761061	-1.0	-24.0	7.791423	-30.626038	9.480118e-05	-30.620733	-30.626053	32000	0.28029814	17.77521	-0.00851658	-12.66493	2.3781514	2.8558438	0.98592925	79.0	3955.215665102005
8	-7.369004	3.8255792	-1.0	-24.0	7.369004	-34.110733	3.098288e-05	-34.10962	-34.110744	36000	0.282196	15.547677	-0.016627342	-10.895407	2.3901138	2.944312	0.9842735	79.0	4447.84809923172
9	-7.117857	3.6567504	-1.0	-19.0	7.117857	-37.353302	0.45324463	-8.701265	-37.36067	40000	0.2311591	14.418772	-0.0131044835	-9.224972	2.3231673	2.777381	0.9846917	79.0	4956.837469100952
10	-7.065371	3.513875	-1.0	-21.0	7.065371	-40.274837	0.71556103	-13.08733	-40.30819	44000	0.22428137	12.612332	-0.014102146	-7.5486746	2.301413	2.7920494	0.98008496	79.0	5460.7645609378815
11	-7.434944	3.9405956	-1.0	-19.0	7.434944	-42.943375	0.8951091	-14.829855	-42.98796	48000	0.24789564	12.802477	-0.010583699	-8.932	2.262852	3.106537	0.9811823	79.0	5975.996846199036
12	-7.32844	3.6543827	-1.0	-24.0	7.32844	-45.849335	0.00020008451	-45.84133	-45.849365	52000	0.2772882	9.989631	-0.008756727	-7.0909324	2.1945317	3.2554958	0.98347414	79.0	6474.667679071426
13	-7.41744	3.839806	-1.0	-20.0	7.41744	-48.527325	0.00012988166	-48.522156	-48.52734	56000	0.27832723	9.443294	-0.007796228	-6.7231417	2.13858	3.2862365	0.9831782	79.0	6968.968678951263
14	-7.166966	3.8860502	-1.0	-23.0	7.166966	-51.144413	7.416546e-05	-51.142773	-51.144432	60000	0.2750857	8.46775	-0.00838688	-5.9012566	2.1920798	3.4958405	0.9838719	79.0	7459.331259012222
15	-7.3653135	3.8065946	-1.0	-20.0	7.3653135	-53.60443	7.441505e-05	-53.602196	-53.604446	64000	0.29542676	7.629853	-0.025347471	-5.385632	2.0122957	3.4813628	0.9829199	79.0	7950.635606050491
16	-7.4953094	3.6797805	-1.0	-21.0	7.4953094	-55.9611	6.681979e-05	-55.959843	-55.961113	68000	0.27546224	6.809417	-0.009002686	-4.8229303	2.0595455	3.4820971	0.9846204	79.0	8535.02013707161
17	-7.188849	3.6282196	-1.0	-21.0	7.188849	-58.1432	2.3790295	49.95143	-58.196415	72000	0.07699758	45.57622	-0.0118038505	-34.88475	2.0508027	3.0144496	0.9868612	79.0	9095.681752204895
18	-7.6007605	4.1580377	-1.0	-20.0	7.6007605	-59.798016	3.6970253	33.63747	-60.057873	76000	0.10184245	20.81449	-0.007937908	-17.271889	2.34262	3.0744574	0.9752313	79.0	9606.474023103714
19	-7.4155846	3.9718184	-1.0	-22.0	7.4155846	-61.80353	0.9740047	-6.494191	-61.92919	80000	0.2125033	5.561862	-0.0074595064	-3.642097	2.0942762	3.2282946	0.9800086	79.0	10110.678719043732
20	-7.634799	4.050647	-1.0	-19.0	7.634799	-63.607452	0.00086433726	-63.601364	-63.608017	84000	0.2859266	5.082989	-0.014718473	-3.59296	2.039546	3.4449377	0.9843799	79.0	10599.305893182755
21	-7.6769233	4.0071387	-1.0	-21.0	7.6769233	-65.54412	0.0011256422	-65.48941	-65.54454	88000	0.2795474	4.5754237	-0.0065840483	-3.2108912	2.0396912	3.503488	0.98362267	79.0	11088.119624137878
22	-7.3357797	3.8617277	-1.0	-18.0	7.3357797	-67.37406	0.0005382656	-67.36956	-67.37438	92000	0.2745464	3.7851791	-0.004774928	-2.6792238	2.0286434	3.22676	0.9846594	79.0	11624.37614607811
23	-7.170863	4.055986	-1.0	-28.0	7.170863	-69.01402	1.7973372	44.53921	-69.04433	96000	0.1245751	6.8454795	-0.0037279502	-5.935597	2.00991	3.550559	0.9831027	79.0	12211.4555850029
24	-7.284153	3.7716398	-1.0	-24.0	7.284153	-70.41673	0.3436123	-67.9572	-70.73662	100000	0.266985	2.1233435	-0.011623979	-1.0063149	2.0077395	3.3364418	0.9783811	79.0	12798.716558218002
25	-7.837255	3.839805	-1.0	-21.0	7.837255	-71.57822	0.0035927966	-71.548256	-71.58048	104000	0.28513557	3.0215485	-0.012409002	-2.1627514	2.0539854	3.691968	0.98419976	79.0	13382.716870069504
26	-7.3646407	3.7914803	-1.0	-20.0	7.3646407	-73.06769	0.005382516	-73.00643	-73.07108	108000	0.2841752	2.5530636	-0.017067611	-1.7994685	1.936152	3.9443285	0.9847695	79.0	13968.068497896194
27	-7.336397	3.7020066	-1.0	-20.0	7.336397	-74.41899	0.013530262	-74.266624	-74.426834	112000	0.2794998	2.1986332	-0.0074608624	-1.6990354	1.8464885	3.7305298	0.98567754	79.0	14555.026335000992
28	-7.5329566	4.040327	-1.0	-21.0	7.5329566	-75.53518	0.28865102	-71.96786	-75.75102	116000	0.26466188	1.6314251	-0.008050293	-1.1980941	1.8865417	3.8792255	0.9779882	79.0	15141.31552529335
29	-7.2454543	3.8138177	-1.0	-25.0	7.2454543	-76.37918	0.566569	-74.60004	-77.001495	120000	0.25687206	0.84490234	-0.019847736	-0.5293133	1.8183606	3.3017046	0.9740773	79.0	15730.868037223816
30	-7.3290443	3.65922	-1.0	-19.0	7.3290443	-77.01208	0.65043306	-73.73289	-77.78113	124000	0.24196385	0.71566546	-0.021202192	-0.43067834	2.0508716	3.158733	0.96743137	79.0	16322.220933198929
31	-7.5538754	3.9141822	-1.0	-20.0	7.5538754	-77.572685	0.6982692	-75.42871	-78.37668	128000	0.2471781	0.55423534	-0.021762699	-0.3246572	2.0063603	3.2328882	0.9741349	79.0	16908.824239969254
32	-7.2823315	3.950338	-1.0	-18.0	7.2823315	-77.95743	0.7858719	-75.6703	-78.99569	132000	0.21788138	0.49841893	-0.013588443	-0.26234812	1.9723569	3.1675274	0.971858	79.0	17496.94603204727
33	-7.5150375	4.0594454	-1.0	-19.0	7.5150375	-78.34477	0.82357174	-75.984055	-79.451546	136000	0.22584541	0.48289105	-0.016094193	-0.252208	1.9539137	3.3879306	0.9683183	79.0	18082.739342212677
34	-7.819961	4.072589	-1.0	-22.0	7.819961	-78.77397	0.86567193	-76.25137	-79.94873	140000	0.22264539	0.41489375	-0.021077916	-0.19634686	1.942156	3.284298	0.9722543	79.0	18666.658296108246
35	-7.924603	3.9558914	-1.0	-18.0	7.924603	-79.05689	0.90284866	-76.41199	-80.35521	144000	0.23208274	0.44746587	-0.025727645	-0.21460584	2.0021317	3.521434	0.9715606	79.0	19252.744693040848
36	-7.633588	4.1428795	-1.0	-23.0	7.633588	-79.45714	0.8853413	-76.8044	-80.6992	148000	0.2096378	0.4636317	-0.010385901	-0.19606847	1.9616193	3.274902	0.9783116	79.0	19839.620474100113
37	-7.6570883	3.984553	-1.0	-20.0	7.6570883	-79.75209	0.9462438	-76.51311	-81.10847	152000	0.24569297	0.41572747	-0.049108416	-0.1778875	2.0242622	3.18821	0.9650343	79.0	20425.06719326973
38	-7.745631	4.0858927	-1.0	-21.0	7.745631	-79.98527	1.0170857	-76.74799	-81.53315	156000	0.20769028	0.45603347	-0.005133033	-0.1819275	2.0215046	3.4285185	0.97644395	79.0	21010.96955013275
39	-7.9345236	4.275911	-1.0	-20.0	7.9345236	-80.380775	1.0432867	-77.32366	-81.818596	160000	0.22898774	0.4804598	-0.009027749	-0.21405429	1.9945893	3.1022904	0.98010063	79.0	21595.66087412834
40	-7.9403577	4.114227	-1.0	-18.0	7.9403577	-80.65367	1.09327	-77.41903	-82.24431	164000	0.22180413	0.43888035	-0.034273326	-0.18535161	2.1262486	3.172074	0.967912	79.0	22179.316561937332
41	-7.6551723	4.106796	-1.0	-19.0	7.6551723	-80.86188	1.0467608	-77.91981	-82.45191	168000	0.21004687	0.43174073	-0.0110949725	-0.19192776	2.060816	3.0978396	0.97499645	79.0	22765.755717277527
42	-7.52919	4.1588736	-1.0	-22.0	7.52919	-81.15554	1.0847197	-77.91447	-82.727135	172000	0.20817225	0.45993078	-0.009990677	-0.18464261	2.0926142	2.9251094	0.9734797	79.0	23350.77694797516
43	-7.4953094	3.8169262	-1.0	-18.0	7.4953094	-81.37436	1.0507747	-78.1608	-83.039536	176000	0.4309112	0.45222217	-0.23720457	-0.19737363	2.1809754	2.9552689	0.9763634	79.0	23937.96558213234
44	-7.922619	3.8745153	-1.0	-20.0	7.922619	-81.65732	1.0736959	-78.36311	-83.21352	180000	0.20898198	0.36102164	-0.0078374	-0.14375083	2.1995313	3.2457337	0.97580755	79.0	24524.160976171494
45	-7.747573	3.9039896	-1.0	-21.0	7.747573	-81.92475	1.012594	-78.464264	-83.38392	184000	0.21622682	0.3832993	-0.014969498	-0.17144112	2.0746763	3.2300093	0.9675594	79.0	25111.3762922287
46	-7.3406997	3.9415553	-1.0	-18.0	7.3406997	-82.222084	1.0185264	-78.7819	-83.61356	188000	0.23068169	0.3045932	-0.04177378	-0.111033365	2.0670567	3.0481205	0.962635	79.0	25697.09203004837
47	-7.4402986	3.939394	-1.0	-19.0	7.4402986	-82.32571	1.0666353	-79.06251	-83.887085	192000	0.27151906	0.36260062	-0.07248317	-0.15250184	2.089153	3.2282674	0.97355527	79.0	26283.340105056763
48	-7.535849	4.005614	-1.0	-21.0	7.535849	-82.61098	1.0567852	-79.16635	-84.17299	196000	0.21527742	0.41202915	-0.015299931	-0.17864265	2.1292555	3.050619	0.97754526	79.0	26871.196975946426
49	-7.633588	4.009447	-1.0	-20.0	7.633588	-82.92276	0.9883902	-79.416855	-84.30866	200000	0.23941794	0.38643095	-0.015806794	-0.16494513	2.1248455	3.0027204	0.97497696	79.0	27457.747930288315
50	-7.810547	4.1194615	-1.0	-20.0	7.810547	-83.14159	1.0451376	-79.306305	-84.60404	204000	0.21656485	0.26667458	-0.019073129	-0.103869796	2.151649	2.9758794	0.9798954	79.0	28045.998835086823
51	-7.2709093	4.0065026	-1.0	-20.0	7.2709093	-83.228424	1.06824	-79.64684	-84.855576	208000	0.1918578	0.3016161	-0.0029257387	-0.116756216	2.2005377	2.979075	0.9783003	79.0	28631.104418039322
52	-7.355433	3.9519215	-1.0	-18.0	7.355433	-83.441826	1.0600364	-79.92761	-85.05763	212000	0.19281372	0.26636285	-0.0147122	-0.10106498	2.1276557	3.0517206	0.9750214	79.0	29215.701027154922
53	-7.8717947	3.9605217	-1.0	-20.0	7.8717947	-83.6545	1.0229645	-80.2599	-85.205154	216000	0.2421311	0.2971894	-0.053314283	-0.1337961	2.0723941	2.9929066	0.97384125	79.0	29800.80254125595
54	-7.98004	3.8850243	-1.0	-19.0	7.98004	-83.93101	1.0031158	-80.51706	-85.41773	220000	0.19908664	0.3978689	-0.0040781647	-0.16418928	2.1647217	3.2476354	0.97537833	79.0	30383.31174993515
55	-7.5415096	4.020604	-1.0	-18.0	7.5415096	-84.19816	1.0505052	-80.655785	-85.68828	224000	0.21705705	0.33263707	-0.037126347	-0.12892002	2.0723956	3.1380162	0.96884966	79.0	30969.85377907753
56	-7.429368	3.9111452	-1.0	-20.0	7.429368	-84.281876	1.0287786	-80.803085	-85.93352	228000	0.20699741	0.4239453	-0.0075380355	-0.17047346	2.1252122	3.193384	0.97470874	79.0	31554.401329040527
57	-7.785575	4.060078	-1.0	-20.0	7.785575	-84.55712	1.0342748	-81.29233	-86.13292	232000	0.27539474	0.3432436	-0.08502452	-0.13679007	2.0888374	3.1911123	0.97353595	79.0	32138.98565721512
58	-7.4794006	3.992332	-1.0	-19.0	7.4794006	-84.75231	1.0465505	-81.18091	-86.30438	236000	0.20600823	0.3755225	-0.003928408	-0.13591987	2.1521516	3.1767783	0.972701	79.0	32724.797634124756
59	-7.701349	3.9910085	-1.0	-22.0	7.701349	-84.91502	1.0555638	-81.40049	-86.52978	240000	0.20324941	0.33267355	-0.0029072762	-0.112186	2.1258056	3.227837	0.9726856	79.0	33309.847182273865
60	-7.638623	4.01591	-1.0	-21.0	7.638623	-85.02153	1.0755006	-81.89149	-86.74005	244000	0.51766217	0.30933738	-0.3347203	-0.1193174	2.1286955	3.4567747	0.96392286	79.0	33896.48940396309
61	-7.244565	4.145887	-1.0	-20.0	7.244565	-85.2615	1.0497779	-81.84444	-87.05622	248000	0.20308512	0.47226518	-0.0053869635	-0.21035564	2.0665667	3.1878095	0.9784768	79.0	34482.99785923958
62	-7.6057143	4.0528374	-1.0	-21.0	7.6057143	-85.51938	1.0155389	-82.30099	-87.21025	252000	0.25954613	0.3768254	-0.0047801435	-0.13459162	2.1247542	3.00567	0.9825888	79.0	35068.890681266785
63	-8.228395	4.15632	-1.0	-19.0	8.228395	-85.72623	1.0496563	-82.009415	-87.42818	256000	0.22135606	0.36868992	-0.0017792135	-0.13057554	2.1959848	3.0292583	0.9765702	79.0	35655.14276218414
64	-7.8816566	3.9938066	-1.0	-18.0	7.8816566	-85.80034	1.070935	-82.76969	-87.72994	260000	0.21462648	0.33901492	-0.02398847	-0.13231838	2.1666675	3.2564256	0.9731436	79.0	36240.34845805168
65	-7.5283017	3.9782605	-1.0	-19.0	7.5283017	-85.93242	1.0796154	-83.02332	-87.92762	264000	0.19565827	0.34340715	-0.003088519	-0.1366591	2.1354306	2.9337165	0.97635704	79.0	36826.95816922188
66	-7.7369437	4.0251207	-1.0	-19.0	7.7369437	-86.04788	1.0326625	-83.1081	-88.08647	268000	0.20324774	0.33814856	-0.0066221356	-0.1436016	2.1701772	3.1097286	0.9740931	79.0	37413.05155301094
67	-7.636711	4.06707	-1.0	-20.0	7.636711	-86.212585	0.9841655	-83.48741	-88.176544	272000	0.19399606	0.29830787	-0.001917839	-0.12228465	2.1561406	3.00842	0.97373027	79.0	38000.45284628868
68	-7.823875	4.2051477	-1.0	-20.0	7.823875	-86.43911	0.98401564	-83.724686	-88.26892	276000	0.260821	0.2519762	-0.014508069	-0.09573132	2.148526	2.870543	0.9759449	79.0	38588.77621102333
69	-7.954183	4.073025	-1.0	-19.0	7.954183	-86.51377	0.92527586	-83.935776	-88.25206	280000	0.23350336	0.26789045	-0.023172706	-0.11960249	2.1970072	2.8612542	0.9765392	79.0	39175.37684106827
70	-7.3900185	4.0176845	-1.0	-20.0	7.3900185	-86.63333	0.94918865	-84.058266	-88.34728	284000	0.22083409	0.28356168	-0.030020237	-0.107266605	2.1970913	2.9474506	0.9763387	79.0	39763.15337514877
71	-7.7553396	4.3401875	-1.0	-21.0	7.7553396	-86.87719	0.8825367	-84.334724	-88.42583	288000	0.22568138	0.3561059	-0.02041994	-0.15387024	2.213739	3.028717	0.9753398	79.0	40349.5073223114
72	-7.8796844	4.031841	-1.0	-20.0	7.8796844	-87.12149	0.8710846	-84.56165	-88.58154	292000	0.3900717	0.26432392	-0.020955473	-0.10241245	2.1804152	2.8160572	0.9744012	79.0	40935.57419395447
73	-8.138776	4.189044	-1.0	-20.0	8.138776	-87.32342	0.9168754	-84.653366	-88.85239	296000	0.21947941	0.27637193	-0.0067155063	-0.10277937	2.193308	2.949216	0.9769546	79.0	41520.827052116394
74	-7.675624	3.9038787	-1.0	-18.0	7.675624	-87.409676	0.89984614	-84.805824	-89.02619	300000	0.18845545	0.22392373	-0.0032934844	-0.080381945	2.150656	2.943014	0.9695222	79.0	42109.07460999489
75	-7.7801557	4.0339413	-1.0	-19.0	7.7801557	-87.497314	0.8708165	-85.03202	-89.18642	304000	0.20637727	0.21088798	-0.0121824145	-0.07670152	2.1582608	2.9492457	0.9760851	79.0	42694.999969005585
76	-7.9089108	4.22576	-1.0	-21.0	7.9089108	-87.65194	0.8301556	-85.24333	-89.20165	308000	0.22364146	0.2599822	-0.00615789	-0.105223686	2.1705546	2.938444	0.9771262	79.0	43287.50782394409
77	-7.9166665	4.257696	-1.0	-20.0	7.9166665	-87.8523	0.8985085	-85.32444	-89.4394	312000	0.2023126	0.23482753	-0.0066537857	-0.07895075	2.198606	3.0046103	0.9682404	79.0	43880.51734995842
78	-7.666027	3.9956524	-1.0	-19.0	7.666027	-87.88013	0.86249346	-85.39352	-89.45675	316000	0.19434038	0.20471488	-0.007333845	-0.07295458	2.1425986	2.9781556	0.97111136	79.0	44472.61823105812
79	-7.9206347	4.225965	-1.0	-20.0	7.9206347	-88.05794	0.85007346	-85.55256	-89.65622	320000	0.26643136	0.2188677	-0.06237097	-0.0896758	2.1618118	3.0508225	0.97453326	79.0	45067.54713511467
80	-7.4301677	4.032833	-1.0	-20.0	7.4301677	-88.14197	0.8393643	-85.89593	-89.74561	324000	0.35159478	0.2104482	-0.030260623	-0.076853156	2.1603723	2.7808852	0.9805455	79.0	45661.745752096176
