Epoch	AverageEpRet	StdEpRet	MaxEpRet	MinEpRet	EpLen	AverageVVals	StdVVals	MaxVVals	MinVVals	TotalEnvInteracts	LossPi	LossV	DeltaLossPi	DeltaLossV	Entropy	KL	ClipFrac	StopIter	Time
0	-5.902511	2.8387396	-1.0	-15.0	5.902511	0.15558638	0.09872128	0.5315193	-0.32870358	4000	1.6450882e-08	22.561562	-0.011857371	-19.090467	0.69191957	0.015219457	0.578	4.0	21.194456100463867
1	-5.641243	2.7721567	-1.0	-14.0	5.641243	-3.6692014	1.3314863	0.46827117	-5.375063	8000	-1.1086464e-08	7.0138116	-0.013857825	-5.685958	0.6716687	0.02202892	0.32725	6.0	43.42353415489197
2	-5.568245	2.626243	-1.0	-13.0	5.568245	-5.829297	1.8125987	-0.28009826	-8.570214	12000	-1.9073486e-08	3.1906567	-0.006892879	-2.2707984	0.61619115	0.019272583	0.29	5.0	68.005939245224
3	-5.256242	2.5814035	-1.0	-13.0	5.256242	-7.2618017	1.8646928	-1.5513698	-10.197361	16000	-1.3780594e-07	2.3928812	-0.006071322	-1.6089246	0.53225416	0.016232582	0.2215	7.0	91.55499696731567
4	-5.130937	2.3271143	-1.0	-13.0	5.130937	-8.481598	1.8337758	-2.4109278	-11.628236	20000	-1.168251e-08	1.8780185	-0.015873147	-1.2670088	0.4314844	0.009364739	0.099	79.0	116.76111102104187
5	-5.226144	2.3619747	-1.0	-13.0	5.226144	-9.497491	1.8412902	-3.9871666	-12.664541	24000	-4.2557716e-08	1.932356	-0.019181438	-1.3433199	0.4075491	0.010637961	0.09825	79.0	140.79675316810608
6	-4.991261	2.3662574	-1.0	-12.0	4.991261	-10.533276	1.9518361	-0.5042365	-13.8416195	28000	-2.3841858e-08	1.4349073	-0.017079942	-0.9225725	0.3746025	0.015007441	0.11225	64.0	165.40934300422668
7	-5.037783	2.3306267	-1.0	-12.0	5.037783	-11.412673	1.9394268	-4.4715486	-14.71673	32000	-1.5497207e-08	1.3241628	-0.014792655	-0.8762322	0.36115113	0.015025577	0.112	36.0	188.7584092617035
8	-5.2015605	2.4889243	-1.0	-13.0	5.2015605	-12.281766	1.9983007	-5.143513	-15.617085	36000	-1.4781952e-08	1.396529	-0.019808369	-0.9832239	0.36455652	0.015023837	0.14675	70.0	211.9077651500702
9	-5.055626	2.3733542	-1.0	-14.0	5.055626	-13.175565	2.035954	-3.587801	-16.72898	40000	0.0	1.2908293	-0.008419836	-0.886775	0.34734607	0.015687197	0.16825	7.0	235.69191336631775
10	-5.0647206	2.2664232	-1.0	-11.0	5.0647206	-14.080592	1.9927096	-5.2316995	-17.577904	44000	1.1444092e-08	1.1617124	-0.015607628	-0.79676634	0.30019426	0.015047333	0.1155	38.0	260.01391100883484
11	-5.3054447	2.2333188	-1.0	-14.0	5.3054447	-14.875991	2.032345	-7.4941745	-18.35713	48000	2.0980835e-08	1.2016438	-0.015579787	-0.8746364	0.28019848	0.015183883	0.11575	66.0	283.67128109931946
12	-5.2018228	2.2643402	-1.0	-13.0	5.2018228	-15.679377	2.029029	-9.585272	-19.364716	52000	-4.5776368e-08	1.1579177	-0.014393731	-0.8492665	0.2655174	0.015438234	0.10375	62.0	307.05843925476074
13	-5.1679587	2.2744977	-1.0	-12.0	5.1679587	-16.506899	2.0329034	-8.961102	-20.175201	56000	-2.6702882e-08	1.1257056	-0.014240571	-0.8004437	0.26181987	0.015076053	0.09875	62.0	330.14176321029663
14	-5.16947	2.3968499	-1.0	-13.0	5.16947	-17.363583	2.0362988	-9.922851	-21.0058	60000	2.193451e-08	1.1467032	-0.013648697	-0.8560257	0.25851566	0.015113483	0.09	70.0	353.4112193584442
15	-5.365101	2.412688	-1.0	-14.0	5.365101	-18.246347	2.0845125	-10.073702	-21.990835	64000	-1.7166137e-08	1.1816509	-0.014220308	-0.82049197	0.2611654	0.015127138	0.0955	48.0	377.0447082519531
16	-5.1976595	2.3816473	-1.0	-12.0	5.1976595	-19.061296	2.106233	-10.980376	-22.925207	68000	-6.270409e-08	1.1180887	-0.013528128	-0.7968477	0.2607098	0.015309803	0.1095	29.0	399.6111490726471
17	-5.404054	2.369909	-1.0	-13.0	5.404054	-19.656723	2.1695166	-4.784122	-23.765574	72000	-3.504753e-08	1.3437037	-0.015871659	-0.7868037	0.23691407	0.016234139	0.109	26.0	421.52474904060364
18	-5.515862	2.3154855	-1.0	-14.0	5.515862	-20.32413	2.081847	-10.97298	-24.408539	76000	2.9087067e-08	1.5311615	-0.013995194	-0.9604568	0.23877713	0.015018577	0.13125	19.0	443.0408320426941
19	-5.3894877	2.482944	-1.0	-14.0	5.3894877	-21.105831	2.1841435	-8.565092	-25.289381	80000	4.9114227e-08	1.3907373	-0.008724744	-0.8532178	0.22619663	0.015123118	0.1155	9.0	464.7518210411072
20	-5.5096416	2.5010831	-1.0	-14.0	5.5096416	-21.705828	2.267942	-7.1688952	-26.123478	84000	3.9339065e-09	1.493138	-0.018815568	-0.98561186	0.22224835	0.015214639	0.093	49.0	486.6914780139923
21	-5.610955	2.5646787	-1.0	-14.0	5.610955	-22.573975	2.1627688	-12.380887	-26.825783	88000	1.692772e-08	1.3777983	-0.008547601	-0.96084785	0.20019507	0.015093963	0.1095	8.0	507.67716097831726
22	-5.6216598	2.5322745	-1.0	-14.0	5.6216598	-23.361233	2.2203257	-13.920131	-27.742037	92000	2.7179718e-08	1.3414339	-0.016531495	-0.8497028	0.1918448	0.015239683	0.0855	78.0	529.4326782226562
23	-5.4719563	2.5427065	-1.0	-14.0	5.4719563	-24.101759	2.2009082	-14.550429	-28.615324	96000	-8.72612e-08	1.1686212	-0.012038333	-0.7358688	0.17972402	0.015158322	0.07375	61.0	551.4674999713898
24	-5.733142	2.4873753	-1.0	-14.0	5.733142	-24.749403	2.2378113	-11.209439	-29.38393	100000	-1.7166137e-08	1.428944	-0.014392415	-0.9088201	0.1702467	0.015275846	0.07175	33.0	572.3323001861572
25	-5.8224163	2.3936884	-1.0	-14.0	5.8224163	-25.366816	2.3016791	-14.859559	-30.058022	104000	3.0994416e-09	1.5594834	-0.012867977	-0.93352526	0.17506945	0.01569235	0.08125	31.0	593.0632121562958
26	-5.6244726	2.5487468	-1.0	-14.0	5.6244726	-26.096039	2.338171	-14.286778	-30.762573	108000	-7.557869e-08	1.2374653	-0.0104597835	-0.7485732	0.159868	0.015424282	0.075	31.0	614.2294142246246
27	-5.595238	2.5166183	-1.0	-14.0	5.595238	-26.862144	2.302341	-15.53584	-31.388342	112000	1.0204315e-07	1.3270273	-0.010796149	-0.8174262	0.15385097	0.015062294	0.06875	36.0	635.5602433681488
28	-5.7399426	2.616792	-1.0	-14.0	5.7399426	-27.66985	2.247607	-17.767664	-32.094116	116000	7.9989434e-08	1.2047424	-0.012453206	-0.73978806	0.15499826	0.015020914	0.0725	36.0	656.4765791893005
29	-5.673759	2.5607414	-1.0	-14.0	5.673759	-28.410425	2.272158	-18.384747	-32.856575	120000	-1.9311905e-08	1.3210487	-0.013004856	-0.78038913	0.1484087	0.015123835	0.075	42.0	679.3814170360565
30	-5.534626	2.5218258	-1.0	-14.0	5.534626	-29.180017	2.277295	-19.417686	-33.687847	124000	2.336502e-08	1.1777835	-0.010017301	-0.74470735	0.15236957	0.015008936	0.06125	31.0	702.0633111000061
31	-5.71	2.483123	-1.0	-13.0	5.71	-29.84731	2.2378688	-18.763952	-34.420902	128000	-5.9485437e-08	1.0715064	-0.010033316	-0.68556863	0.14582896	0.015196755	0.05975	29.0	722.9301631450653
32	-5.789855	2.4120858	-1.0	-14.0	5.789855	-30.418604	2.2478442	-21.910828	-34.970142	132000	-6.93202e-08	1.2254773	-0.008695932	-0.770236	0.15247194	0.0153059885	0.076	18.0	743.7752902507782
33	-5.670922	2.553722	-1.0	-14.0	5.670922	-31.07738	2.2814915	-21.077606	-35.649395	136000	4.4941903e-08	0.93255246	-0.007392042	-0.59554017	0.14284405	0.015573695	0.0565	13.0	764.5622110366821
34	-5.583799	2.4834569	-1.0	-14.0	5.583799	-31.801054	2.254543	-22.07171	-36.117474	140000	-5.1498414e-08	1.0847304	-0.014996379	-0.7235242	0.14229691	0.01533088	0.07725	45.0	786.1304759979248
35	-5.668085	2.549463	-1.0	-14.0	5.668085	-32.604507	2.1823235	-23.47336	-36.92641	144000	3.4570693e-08	0.9377472	-0.011660596	-0.6067772	0.14319195	0.015938384	0.079	25.0	807.656200170517
36	-5.7760115	2.604543	-1.0	-14.0	5.7760115	-33.159157	2.300161	-24.50857	-37.59842	148000	-5.2928925e-08	1.1284531	-0.007786376	-0.7464668	0.13444248	0.016066972	0.067	11.0	828.7577021121979
37	-5.55	2.5155625	-1.0	-14.0	5.55	-34.032875	2.2749147	-24.427635	-38.389286	152000	-3.71933e-08	1.0007669	-0.0062379274	-0.6526823	0.13854025	0.01601431	0.073	10.0	849.9361143112183
38	-5.6216598	2.4069831	-1.0	-13.0	5.6216598	-34.71358	2.241689	-23.947945	-39.145496	156000	-3.2901763e-08	0.89419144	-0.012515251	-0.5665315	0.13479947	0.015462478	0.06775	37.0	871.3157062530518
39	-5.8391814	2.4567337	-1.0	-14.0	5.8391814	-35.10921	2.271401	-27.326937	-39.814182	160000	-5.1021576e-08	1.1462978	-0.013533414	-0.73489964	0.14292401	0.01528978	0.08025	50.0	892.2206482887268
40	-5.7224607	2.5692573	-1.0	-14.0	5.7224607	-35.76954	2.2855325	-26.305326	-40.40822	164000	-8.2015994e-08	0.8542521	-0.008254896	-0.5587485	0.13107112	0.01529437	0.05175	21.0	913.4678471088409
41	-5.5916085	2.488786	-1.0	-14.0	5.5916085	-36.502647	2.2230852	-28.181477	-40.940063	168000	1.3828277e-08	0.8584632	-0.008686848	-0.56310695	0.13848835	0.015934562	0.06425	14.0	934.5236032009125
42	-5.652051	2.583925	-1.0	-14.0	5.652051	-37.160656	2.1984098	-27.59911	-41.640675	172000	-1.1920929e-08	0.8449312	-0.012297923	-0.540524	0.14413586	0.015625458	0.0705	40.0	955.7196600437164
43	-5.8110466	2.602949	-1.0	-14.0	5.8110466	-37.754578	2.2344954	-29.263454	-42.13135	176000	2.7179718e-08	0.8939815	-0.011411374	-0.57791686	0.14057031	0.015935171	0.06725	20.0	977.0298280715942
44	-5.577406	2.5342712	-1.0	-14.0	5.577406	-38.490124	2.1917288	-30.165499	-42.725407	180000	1.9073486e-08	0.9061066	-0.010041883	-0.5983924	0.14256622	0.015586058	0.0795	22.0	998.2024672031403
45	-5.628169	2.395958	-1.0	-13.0	5.628169	-39.16445	2.2624674	-29.150742	-43.52597	184000	2.7656554e-08	0.84227246	-0.009446395	-0.5219518	0.12991072	0.015605981	0.06075	16.0	1019.0615003108978
46	-5.8952804	2.534006	-1.0	-15.0	5.8952804	-39.4788	2.2982404	-27.878141	-44.180237	188000	-1.9073486e-08	1.0545418	-0.010842452	-0.6609514	0.13336752	0.01525641	0.0735	23.0	1039.6079983711243
47	-5.727403	2.5245442	-1.0	-14.0	5.727403	-40.063686	2.2813823	-30.861483	-44.635498	192000	4.529953e-08	0.9207541	-0.0075097955	-0.62040174	0.13228264	0.015326946	0.05775	14.0	1060.318988084793
48	-5.608146	2.4790337	-1.0	-14.0	5.608146	-40.802345	2.2783341	-32.44192	-45.20616	196000	-4.673004e-08	0.77643085	-0.008759576	-0.4902805	0.11927491	0.0154187195	0.0605	17.0	1081.3878982067108
49	-5.5994396	2.5430303	-1.0	-14.0	5.5994396	-41.487907	2.1618268	-32.09789	-45.926945	200000	2.2888184e-08	0.76248795	-0.012111439	-0.48216695	0.12735014	0.01505918	0.07	51.0	1102.9105701446533
50	-5.850659	2.6290324	-1.0	-14.0	5.850659	-41.96978	2.1832452	-34.410397	-46.3628	204000	-7.152557e-09	0.81719756	-0.010810084	-0.5327178	0.13692959	0.015494881	0.0745	25.0	1123.6994841098785
51	-5.554167	2.5690162	-1.0	-14.0	5.554167	-42.656548	2.1462116	-32.550747	-46.96867	208000	1.9073487e-09	0.8232598	-0.011734311	-0.54470944	0.12552768	0.015541408	0.07125	41.0	1145.2067739963531
52	-5.6309857	2.4590502	-1.0	-12.0	5.6309857	-43.38121	2.2034082	-34.254997	-47.660507	212000	5.4836274e-08	0.6763387	-0.0093966415	-0.4521387	0.12021385	0.015169455	0.0635	18.0	1166.190957069397
53	-5.855051	2.5145698	-1.0	-15.0	5.855051	-43.725883	2.2079716	-33.137516	-48.250435	216000	-4.7802924e-08	0.87618303	-0.009499529	-0.5337116	0.12653936	0.015286979	0.079	20.0	1186.5695221424103
54	-5.7224607	2.5226178	-1.0	-14.0	5.7224607	-44.20733	2.1221306	-34.62984	-48.71546	220000	6.437302e-08	0.67469776	-0.011703043	-0.4451246	0.1286571	0.015078434	0.07125	52.0	1207.6912302970886
55	-5.6548796	2.5160842	-1.0	-14.0	5.6548796	-44.851562	2.1081192	-36.461983	-49.177555	224000	-5.722046e-09	0.670605	-0.009329335	-0.43469766	0.12290464	0.015006282	0.06675	17.0	1228.5504839420319
56	-5.6002803	2.5927615	-1.0	-14.0	5.6002803	-45.375862	2.0372858	-36.033775	-49.732796	228000	2.7656554e-08	0.6699001	-0.0053270166	-0.43938428	0.114447966	0.016176177	0.068	8.0	1249.5165910720825
57	-5.8792343	2.5875247	-1.0	-14.0	5.8792343	-45.99046	2.0634909	-38.9815	-50.20282	232000	1.9788741e-08	0.6652248	-0.0061855405	-0.45891106	0.12337485	0.015859013	0.0635	8.0	1269.8565969467163
58	-5.5618916	2.6033561	-1.0	-14.0	5.5618916	-46.602642	2.0218573	-36.454346	-50.777702	236000	4.2915342e-09	0.77911633	-0.0078563895	-0.49867013	0.120589755	0.015312283	0.07375	14.0	1291.5580611228943
59	-5.6666665	2.5170813	-1.0	-14.0	5.6666665	-47.18629	2.19008	-37.60544	-51.485558	240000	-1.168251e-08	0.665271	-0.008512094	-0.42776132	0.11431424	0.015306962	0.05825	19.0	1312.359589099884
60	-5.896755	2.5302806	-1.0	-14.0	5.896755	-47.591938	2.1588004	-37.780613	-52.00552	244000	-7.629395e-09	0.7776902	-0.008092685	-0.45525843	0.11403138	0.015178445	0.0565	17.0	1332.8241741657257
61	-5.753957	2.4812756	-1.0	-14.0	5.753957	-48.024086	2.0475485	-40.585083	-52.503853	248000	1.9073486e-08	0.6659639	-0.010422748	-0.4477981	0.11960477	0.015273405	0.067	34.0	1353.7857432365417
62	-5.5916085	2.4718697	-1.0	-14.0	5.5916085	-48.57361	1.996138	-41.075222	-52.900246	252000	3.671646e-08	0.65132743	-0.0065588052	-0.3861058	0.11462357	0.016712042	0.05925	13.0	1374.7719123363495
63	-5.6937323	2.6200933	-1.0	-14.0	5.6937323	-49.111202	1.9967378	-39.692486	-53.386692	256000	4.386902e-08	0.64120823	-0.010977971	-0.3875128	0.1135842	0.015067377	0.0615	39.0	1395.8301513195038
64	-5.7345767	2.5515902	-1.0	-14.0	5.7345767	-49.65812	2.0005739	-42.643787	-53.873936	260000	-2.8848648e-08	0.5653327	-0.010014981	-0.36637664	0.12085149	0.015243342	0.06775	24.0	1416.6144630908966
65	-5.628169	2.5722892	-1.0	-14.0	5.628169	-50.186733	1.9442236	-38.625908	-54.330124	264000	-3.1471252e-08	0.6824138	-0.01120364	-0.44687632	0.11441847	0.0152624445	0.0725	28.0	1437.938519001007
66	-5.6244726	2.495209	-1.0	-13.0	5.6244726	-50.726364	2.1073842	-41.26911	-54.79177	268000	-5.722046e-09	0.63097495	-0.008511434	-0.38835543	0.117572956	0.015650274	0.06175	16.0	1458.871510028839
67	-5.8722467	2.5215328	-1.0	-14.0	5.8722467	-51.15614	2.0832808	-41.355114	-55.356236	272000	2.193451e-08	0.6742158	-0.0073440555	-0.4258241	0.11727543	0.015409592	0.063	12.0	1479.1350231170654
68	-5.8209605	2.5367684	-1.0	-14.0	5.8209605	-51.575367	1.971637	-44.601997	-55.811012	276000	4.4345857e-08	0.7017839	-0.005805823	-0.44533202	0.124476984	0.015722623	0.05975	6.0	1503.7312161922455
69	-5.6695037	2.5072927	-1.0	-14.0	5.6695037	-52.032845	1.928428	-45.238533	-56.159	280000	-4.529953e-09	0.56999505	-0.004691173	-0.3611671	0.120622255	0.016023563	0.07175	7.0	1527.7223691940308
70	-5.6666665	2.5969613	-1.0	-14.0	5.6666665	-52.52815	1.9314754	-45.07207	-56.597107	284000	2.2172928e-08	0.59471625	-0.009632965	-0.35200107	0.124600306	0.015652405	0.0705	25.0	1552.1116700172424
71	-5.8110466	2.6157606	-1.0	-14.0	5.8110466	-53.02525	1.9023073	-45.12955	-56.917023	288000	3.2663344e-08	0.60642505	-0.0072139353	-0.37453386	0.12248552	0.015021864	0.0665	12.0	1577.4016020298004
72	-5.71	2.592883	-1.0	-14.0	5.71	-53.504665	1.8754213	-43.545784	-57.374985	292000	1.6450882e-08	0.63989836	-0.008801239	-0.40945417	0.11141021	0.015362855	0.06675	25.0	1602.2516071796417
73	-5.5020633	2.5148108	-1.0	-14.0	5.5020633	-54.051636	2.068886	-42.34733	-57.824013	296000	5.9604646e-09	0.7006285	-0.009337717	-0.4276833	0.110068016	0.015074286	0.067	37.0	1627.3799140453339
74	-5.9084196	2.5238369	-1.0	-14.0	5.9084196	-54.445538	2.0347044	-41.49704	-58.325333	300000	1.0490417e-08	0.79966336	-0.0061985306	-0.5018307	0.116137214	0.015163992	0.055	15.0	1650.850378036499
75	-5.8533726	2.4914331	-1.0	-14.0	5.8533726	-54.79043	1.9188735	-46.1542	-58.861813	304000	-5.722046e-09	0.69788957	-0.01172283	-0.4361506	0.111844435	0.012926288	0.0695	79.0	1675.7908191680908
76	-5.577406	2.4543116	-1.0	-14.0	5.577406	-55.326847	1.9119649	-47.35517	-59.17505	308000	1.7166137e-08	0.7108106	-0.008188248	-0.45146638	0.11130943	0.015098094	0.0655	43.0	1700.5650742053986
77	-5.6980057	2.580327	-1.0	-14.0	5.6980057	-55.74423	1.9332193	-47.847637	-59.629627	312000	2.6345253e-08	0.78874713	-0.0064277607	-0.46697825	0.105359435	0.015124887	0.04825	11.0	1725.3985691070557
78	-5.7249284	2.6084461	-1.0	-14.0	5.7249284	-56.25819	1.8532398	-47.513916	-60.040836	316000	2.0503998e-08	0.64695925	-0.008027433	-0.43132752	0.11734758	0.015032564	0.062	23.0	1750.091313123703
79	-5.7442527	2.558083	-1.0	-14.0	5.7442527	-56.70911	1.8491181	-48.31824	-60.42556	320000	-1.4305114e-08	0.68869793	-0.006905345	-0.43597	0.10892388	0.015398712	0.059	19.0	1774.082611322403
80	-5.607293	2.5859807	-1.0	-14.0	5.607293	-57.163692	1.9479555	-46.943794	-60.81016	324000	-2.8133393e-08	0.63385034	-0.007924905	-0.39897487	0.10480473	0.015263252	0.06225	26.0	1799.0891771316528
81	-5.782923	2.5146282	-1.0	-14.0	5.782923	-57.667862	1.9440941	-46.994877	-61.214993	328000	-3.2901763e-08	0.7275195	-0.008122608	-0.46415114	0.10675813	0.015354154	0.0565	22.0	1823.5134241580963
82	-5.8462663	2.4099774	-1.0	-14.0	5.8462663	-57.884014	1.8767056	-47.00719	-61.7917	332000	2.336502e-08	0.71500283	-0.007464595	-0.4389233	0.1077544	0.015227265	0.06925	29.0	1847.312639951706
83	-5.636107	2.5405362	-1.0	-14.0	5.636107	-58.30892	1.8762156	-48.79091	-62.11021	336000	-5.722046e-09	0.63467616	-0.0075595197	-0.39927912	0.11188417	0.016111406	0.067	15.0	1872.2985351085663
84	-5.7047076	2.5793746	-1.0	-14.0	5.7047076	-58.788578	1.818589	-49.22772	-62.469543	340000	-1.0490417e-08	0.7282589	-0.00723766	-0.45242563	0.109440275	0.015110353	0.06325	32.0	1896.686933040619
85	-5.7536025	2.625212	-1.0	-14.0	5.7536025	-59.109978	1.9174984	-42.987072	-62.880478	344000	-7.390976e-09	1.0346011	-0.0072719525	-0.65131676	0.103606574	0.015092484	0.066	36.0	1921.1105110645294
86	-5.7360115	2.5671542	-1.0	-14.0	5.7360115	-59.61542	1.8997165	-48.178673	-63.2812	348000	-1.1205673e-08	0.8979807	-0.00429148	-0.5347949	0.10859259	0.015680622	0.055	7.0	1944.984913110733
87	-5.582402	2.5708232	-1.0	-14.0	5.582402	-60.10719	1.9540194	-43.648365	-63.696384	352000	-3.8146972e-08	0.75793546	-0.0054740296	-0.45410427	0.1058733	0.01586014	0.06625	13.0	1969.4105620384216
88	-5.762248	2.516164	-1.0	-14.0	5.762248	-60.41346	2.1408424	-44.44662	-64.04019	356000	7.629395e-09	0.9829602	-0.0069733355	-0.5922462	0.10719952	0.01602133	0.06075	23.0	1993.3398361206055
89	-5.8450294	2.4457784	-1.0	-14.0	5.8450294	-60.723495	1.9463251	-47.727314	-64.52202	360000	7.867813e-09	0.917547	-0.008453772	-0.580723	0.10850405	0.015278414	0.07425	29.0	2017.689522266388
90	-5.7360115	2.5833108	-1.0	-14.0	5.7360115	-61.07796	1.873729	-51.744614	-64.86406	364000	-1.0490417e-08	0.7325801	-0.0059638307	-0.43522558	0.101432726	0.015178586	0.05225	22.0	2041.9710352420807
91	-5.6323943	2.5306726	-1.0	-14.0	5.6323943	-61.49373	1.8976235	-47.931473	-65.12234	368000	-1.835823e-08	0.87976855	-0.008656962	-0.5483635	0.11145113	0.015251363	0.089	23.0	2066.1226422786713
92	-5.6761365	2.587711	-1.0	-13.0	5.6761365	-61.898678	1.8643078	-49.889168	-65.5035	372000	3.1769275e-08	0.81865424	-0.006515766	-0.4901698	0.109281145	0.015382861	0.06625	15.0	2089.9580070972443
93	-5.827988	2.6456695	-1.0	-14.0	5.827988	-62.254166	1.8050495	-53.20856	-65.87932	376000	-3.0994416e-09	0.88365704	-0.006818256	-0.5438626	0.1112329	0.015576424	0.071	16.0	2114.0947711467743
94	-5.636107	2.5719862	-1.0	-14.0	5.636107	-62.732838	2.0669746	-42.71874	-66.27896	380000	1.2397766e-08	0.8543163	-0.0048731337	-0.54030097	0.103960246	0.015341746	0.063	13.0	2138.463620185852
95	-5.6468925	2.4522915	-1.0	-13.0	5.6468925	-63.125233	2.104004	-43.971912	-66.683105	384000	9.059906e-09	0.9257568	-0.0060183154	-0.5510895	0.10768864	0.016345851	0.0715	19.0	2162.499647140503
96	-5.8938055	2.5096726	-1.0	-14.0	5.8938055	-63.29493	2.0892394	-48.779736	-67.16436	388000	8.5830685e-09	0.95786804	-0.007443241	-0.5912373	0.097657986	0.015576713	0.06625	27.0	2187.1595661640167
97	-5.7195992	2.5811691	-1.0	-14.0	5.7195992	-63.570736	2.0158377	-50.558586	-67.49699	392000	1.2516975e-08	0.84875536	-0.0046348497	-0.51900476	0.093888104	0.015001605	0.05075	12.0	2211.393832206726
98	-5.6951566	2.5145626	-1.0	-14.0	5.6951566	-64.008026	1.9849114	-47.89122	-67.83532	396000	2.3841857e-09	0.79024667	-0.0053576645	-0.4661565	0.09987135	0.015953375	0.0545	10.0	2235.486568212509
99	-5.625879	2.6075957	-1.0	-14.0	5.625879	-64.42722	1.8240807	-56.053646	-68.174614	400000	1.5735626e-08	0.74284524	-0.0055070464	-0.45358935	0.093185425	0.016105548	0.05325	14.0	2260.139859199524
